31.0,51.0,0.0,52.0,0.0,1.0,0.925,
31.0,51.0,0.0,52.0,1.0,1.0,0.555,
31.0,51.0,0.0,52.0,4.0,1.0,0.645,
31.0,51.0,0.0,52.0,5.0,1.0,0.84,
31.0,51.0,0.0,52.0,6.0,1.0,0.95,
31.0,51.0,0.0,52.0,7.0,0.0,0.38,
31.0,51.0,0.0,52.0,8.0,1.0,0.67,
31.0,51.0,0.0,52.0,11.0,1.0,0.605,
7.0,420.0,4.0,54.0,0.0,1.0,0.985,
7.0,420.0,4.0,54.0,1.0,0.0,0.19,
7.0,420.0,4.0,54.0,2.0,0.0,0.11,
7.0,420.0,4.0,54.0,4.0,0.0,0.405,
7.0,420.0,4.0,54.0,5.0,0.0,0.465,
7.0,420.0,4.0,54.0,6.0,0.0,0.13,
7.0,420.0,4.0,54.0,7.0,0.0,0.14,
2.0,907.0,6.0,53.0,0.0,1.0,0.81,
2.0,907.0,6.0,53.0,1.0,0.0,0.095,
2.0,907.0,6.0,53.0,2.0,1.0,0.91,
2.0,907.0,6.0,53.0,4.0,0.0,0.0,
2.0,907.0,6.0,53.0,5.0,0.0,0.06,
2.0,907.0,6.0,53.0,6.0,0.0,0.175,
2.0,907.0,6.0,53.0,7.0,0.0,0.015,
21.0,1323.0,16.0,25.0,0.0,1.0,0.97,
21.0,1323.0,16.0,25.0,1.0,1.0,0.925,
21.0,1323.0,16.0,25.0,2.0,1.0,0.785,
21.0,1323.0,16.0,25.0,4.0,1.0,0.975,
21.0,1323.0,16.0,25.0,5.0,1.0,0.865,
21.0,1323.0,16.0,25.0,6.0,1.0,0.865,
21.0,1323.0,16.0,25.0,7.0,1.0,0.925,
21.0,1323.0,16.0,25.0,8.0,1.0,0.66,
21.0,1323.0,16.0,25.0,9.0,1.0,0.985,
21.0,1323.0,16.0,25.0,10.0,1.0,1.0,
21.0,1323.0,16.0,25.0,11.0,1.0,0.765,
35.0,1515.0,22.0,56.0,0.0,1.0,0.725,
35.0,1515.0,22.0,56.0,1.0,0.0,0.105,
35.0,1515.0,22.0,56.0,2.0,0.0,0.205,
35.0,1515.0,22.0,56.0,4.0,1.0,0.82,
35.0,1515.0,22.0,56.0,5.0,1.0,0.555,
35.0,1515.0,22.0,56.0,6.0,1.0,0.85,
35.0,1515.0,22.0,56.0,7.0,0.0,0.075,
35.0,1515.0,22.0,56.0,8.0,0.0,0.14,
35.0,1515.0,22.0,56.0,11.0,0.0,0.325,
42.0,1249.0,43.0,21.0,0.0,1.0,0.985,
42.0,1249.0,43.0,21.0,1.0,1.0,1.0,
42.0,1249.0,43.0,21.0,2.0,1.0,0.93,
42.0,1249.0,43.0,21.0,3.0,0.0,0.07,
42.0,1249.0,43.0,21.0,4.0,1.0,0.99,
42.0,1249.0,43.0,21.0,5.0,1.0,0.955,
42.0,1249.0,43.0,21.0,6.0,1.0,0.96,
42.0,1249.0,43.0,21.0,7.0,1.0,0.99,
42.0,1249.0,43.0,21.0,8.0,0.0,0.445,
42.0,1249.0,43.0,21.0,9.0,0.0,0.155,
42.0,1249.0,43.0,21.0,10.0,0.0,0.115,
42.0,1249.0,43.0,21.0,11.0,0.0,0.455,
53.0,859.0,44.0,23.0,0.0,1.0,0.885,
53.0,859.0,44.0,23.0,1.0,1.0,0.925,
53.0,859.0,44.0,23.0,2.0,1.0,0.93,
53.0,859.0,44.0,23.0,3.0,1.0,0.995,
53.0,859.0,44.0,23.0,4.0,1.0,0.815,
53.0,859.0,44.0,23.0,5.0,1.0,0.845,
53.0,859.0,44.0,23.0,6.0,1.0,0.955,
53.0,859.0,44.0,23.0,7.0,1.0,0.99,
53.0,859.0,44.0,23.0,8.0,1.0,0.88,
53.0,859.0,44.0,23.0,9.0,1.0,0.975,
53.0,859.0,44.0,23.0,10.0,1.0,0.965,
53.0,859.0,44.0,23.0,11.0,1.0,0.975,
64.0,1108.0,47.0,38.0,0.0,1.0,0.96,
64.0,1108.0,47.0,38.0,1.0,1.0,0.98,
64.0,1108.0,47.0,38.0,2.0,1.0,0.635,
64.0,1108.0,47.0,38.0,3.0,1.0,0.545,
64.0,1108.0,47.0,38.0,4.0,1.0,0.87,
64.0,1108.0,47.0,38.0,5.0,1.0,1.0,
64.0,1108.0,47.0,38.0,6.0,1.0,0.93,
64.0,1108.0,47.0,38.0,7.0,1.0,0.68,
64.0,1108.0,47.0,38.0,8.0,1.0,0.98,
64.0,1108.0,47.0,38.0,9.0,1.0,0.95,
64.0,1108.0,47.0,38.0,10.0,1.0,0.96,
64.0,1108.0,47.0,38.0,11.0,0.0,0.145,
83.0,329.0,69.0,36.0,0.0,1.0,0.985,
83.0,329.0,69.0,36.0,1.0,1.0,0.61,
83.0,329.0,69.0,36.0,2.0,1.0,0.875,
83.0,329.0,69.0,36.0,3.0,1.0,0.965,
83.0,329.0,69.0,36.0,4.0,1.0,0.945,
83.0,329.0,69.0,36.0,5.0,1.0,0.99,
83.0,329.0,69.0,36.0,6.0,1.0,0.905,
83.0,329.0,69.0,36.0,7.0,1.0,0.98,
83.0,329.0,69.0,36.0,8.0,1.0,0.63,
83.0,329.0,69.0,36.0,9.0,1.0,0.915,
83.0,329.0,69.0,36.0,10.0,1.0,1.0,
83.0,329.0,69.0,36.0,11.0,1.0,0.97,
67.0,468.0,73.0,24.0,0.0,1.0,0.875,
67.0,468.0,73.0,24.0,1.0,0.0,0.455,
67.0,468.0,73.0,24.0,2.0,1.0,0.555,
67.0,468.0,73.0,24.0,3.0,0.0,0.185,
67.0,468.0,73.0,24.0,4.0,0.0,0.095,
67.0,468.0,73.0,24.0,5.0,0.0,0.105,
67.0,468.0,73.0,24.0,6.0,0.0,0.245,
67.0,468.0,73.0,24.0,7.0,0.0,0.165,
67.0,468.0,73.0,24.0,8.0,0.0,0.17,
67.0,468.0,73.0,24.0,9.0,0.0,0.0,
67.0,468.0,73.0,24.0,10.0,0.0,0.045,
67.0,468.0,73.0,24.0,11.0,1.0,0.695,
103.0,1577.0,90.0,26.0,1.0,0.0,0.01,
103.0,1577.0,90.0,26.0,2.0,0.0,0.23,
103.0,1577.0,90.0,26.0,3.0,0.0,0.175,
103.0,1577.0,90.0,26.0,4.0,0.0,0.23,
103.0,1577.0,90.0,26.0,5.0,0.0,0.01,
103.0,1577.0,90.0,26.0,6.0,0.0,0.155,
103.0,1577.0,90.0,26.0,7.0,0.0,0.24,
103.0,1577.0,90.0,26.0,8.0,0.0,0.035,
103.0,1577.0,90.0,26.0,9.0,0.0,0.45,
103.0,1577.0,90.0,26.0,10.0,0.0,0.07,
103.0,1577.0,90.0,26.0,11.0,0.0,0.015,
106.0,566.0,94.0,26.0,0.0,1.0,0.935,
106.0,566.0,94.0,26.0,1.0,1.0,0.985,
106.0,566.0,94.0,26.0,2.0,1.0,0.995,
106.0,566.0,94.0,26.0,3.0,1.0,0.845,
106.0,566.0,94.0,26.0,4.0,1.0,0.995,
106.0,566.0,94.0,26.0,5.0,1.0,1.0,
106.0,566.0,94.0,26.0,6.0,1.0,0.995,
106.0,566.0,94.0,26.0,7.0,1.0,0.94,
106.0,566.0,94.0,26.0,8.0,1.0,0.995,
106.0,566.0,94.0,26.0,9.0,1.0,0.79,
106.0,566.0,94.0,26.0,10.0,1.0,0.955,
106.0,566.0,94.0,26.0,11.0,1.0,0.97,
110.0,825.0,98.0,32.0,0.0,1.0,0.92,
110.0,825.0,98.0,32.0,1.0,1.0,0.745,
110.0,825.0,98.0,32.0,2.0,1.0,0.615,
110.0,825.0,98.0,32.0,3.0,0.0,0.175,
110.0,825.0,98.0,32.0,4.0,1.0,0.68,
110.0,825.0,98.0,32.0,5.0,1.0,0.695,
110.0,825.0,98.0,32.0,6.0,0.0,0.065,
110.0,825.0,98.0,32.0,7.0,0.0,0.03,
110.0,825.0,98.0,32.0,8.0,1.0,0.9,
110.0,825.0,98.0,32.0,9.0,1.0,0.745,
110.0,825.0,98.0,32.0,10.0,0.0,0.185,
110.0,825.0,98.0,32.0,11.0,1.0,0.57,
133.0,1270.0,108.0,34.0,0.0,1.0,0.635,
133.0,1270.0,108.0,34.0,1.0,1.0,0.91,
133.0,1270.0,108.0,34.0,2.0,0.0,0.115,
133.0,1270.0,108.0,34.0,3.0,1.0,0.985,
133.0,1270.0,108.0,34.0,4.0,1.0,0.505,
133.0,1270.0,108.0,34.0,5.0,1.0,0.93,
133.0,1270.0,108.0,34.0,6.0,1.0,0.705,
133.0,1270.0,108.0,34.0,7.0,1.0,0.725,
133.0,1270.0,108.0,34.0,8.0,1.0,0.995,
133.0,1270.0,108.0,34.0,9.0,1.0,0.66,
133.0,1270.0,108.0,34.0,10.0,1.0,0.95,
133.0,1270.0,108.0,34.0,11.0,1.0,0.8,
135.0,1356.0,119.0,30.0,0.0,1.0,0.765,
135.0,1356.0,119.0,30.0,1.0,0.0,0.15,
135.0,1356.0,119.0,30.0,2.0,0.0,0.13,
135.0,1356.0,119.0,30.0,3.0,0.0,0.02,
135.0,1356.0,119.0,30.0,4.0,1.0,0.53,
135.0,1356.0,119.0,30.0,5.0,0.0,0.27,
135.0,1356.0,119.0,30.0,6.0,0.0,0.5,
135.0,1356.0,119.0,30.0,7.0,1.0,0.705,
135.0,1356.0,119.0,30.0,8.0,0.0,0.085,
135.0,1356.0,119.0,30.0,9.0,1.0,0.725,
135.0,1356.0,119.0,30.0,10.0,0.0,0.08,
135.0,1356.0,119.0,30.0,11.0,0.0,0.085,
160.0,467.0,121.0,60.0,0.0,1.0,0.985,
160.0,467.0,121.0,60.0,1.0,0.0,0.405,
160.0,467.0,121.0,60.0,2.0,1.0,0.77,
160.0,467.0,121.0,60.0,3.0,0.0,0.255,
160.0,467.0,121.0,60.0,4.0,1.0,0.82,
160.0,467.0,121.0,60.0,5.0,0.0,0.465,
160.0,467.0,121.0,60.0,6.0,0.0,0.475,
160.0,467.0,121.0,60.0,7.0,1.0,0.56,
160.0,467.0,121.0,60.0,8.0,1.0,0.845,
160.0,467.0,121.0,60.0,9.0,0.0,0.405,
160.0,467.0,121.0,60.0,10.0,0.0,0.16,
160.0,467.0,121.0,60.0,11.0,1.0,0.635,
177.0,735.0,127.0,79.0,0.0,0.0,0.35,
177.0,735.0,127.0,79.0,1.0,0.0,0.455,
177.0,735.0,127.0,79.0,2.0,0.0,0.435,
177.0,735.0,127.0,79.0,3.0,1.0,0.855,
177.0,735.0,127.0,79.0,4.0,0.0,0.17,
177.0,735.0,127.0,79.0,5.0,0.0,0.035,
177.0,735.0,127.0,79.0,6.0,0.0,0.335,
177.0,735.0,127.0,79.0,7.0,1.0,0.865,
177.0,735.0,127.0,79.0,8.0,1.0,0.94,
177.0,735.0,127.0,79.0,9.0,0.0,0.1,
177.0,735.0,127.0,79.0,10.0,1.0,0.835,
177.0,735.0,127.0,79.0,11.0,1.0,0.695,
145.0,980.0,130.0,27.0,0.0,1.0,0.965,
145.0,980.0,130.0,27.0,1.0,0.0,0.005,
145.0,980.0,130.0,27.0,2.0,1.0,0.995,
145.0,980.0,130.0,27.0,3.0,1.0,0.66,
145.0,980.0,130.0,27.0,4.0,1.0,0.87,
145.0,980.0,130.0,27.0,5.0,0.0,0.17,
145.0,980.0,130.0,27.0,6.0,0.0,0.13,
145.0,980.0,130.0,27.0,7.0,1.0,0.82,
145.0,980.0,130.0,27.0,8.0,1.0,0.64,
145.0,980.0,130.0,27.0,9.0,0.0,0.255,
145.0,980.0,130.0,27.0,10.0,0.0,0.37,
145.0,980.0,130.0,27.0,11.0,1.0,0.87,
127.0,149.0,131.0,23.0,0.0,1.0,0.905,
127.0,149.0,131.0,23.0,1.0,1.0,0.96,
127.0,149.0,131.0,23.0,2.0,1.0,0.99,
127.0,149.0,131.0,23.0,3.0,1.0,0.65,
127.0,149.0,131.0,23.0,4.0,1.0,0.75,
127.0,149.0,131.0,23.0,5.0,1.0,1.0,
127.0,149.0,131.0,23.0,6.0,1.0,0.9,
127.0,149.0,131.0,23.0,7.0,1.0,0.745,
127.0,149.0,131.0,23.0,8.0,0.0,0.44,
127.0,149.0,131.0,23.0,9.0,1.0,0.825,
127.0,149.0,131.0,23.0,10.0,1.0,0.675,
127.0,149.0,131.0,23.0,11.0,1.0,0.73,
162.0,45.0,138.0,40.0,0.0,0.0,0.38,
162.0,45.0,138.0,40.0,1.0,0.0,0.06,
162.0,45.0,138.0,40.0,2.0,0.0,0.075,
162.0,45.0,138.0,40.0,3.0,0.0,0.485,
162.0,45.0,138.0,40.0,4.0,0.0,0.425,
162.0,45.0,138.0,40.0,5.0,0.0,0.475,
162.0,45.0,138.0,40.0,6.0,0.0,0.065,
162.0,45.0,138.0,40.0,7.0,0.0,0.03,
162.0,45.0,138.0,40.0,8.0,0.0,0.095,
162.0,45.0,138.0,40.0,9.0,0.0,0.13,
162.0,45.0,138.0,40.0,10.0,0.0,0.175,
162.0,45.0,138.0,40.0,11.0,1.0,0.585,
168.0,1474.0,140.0,43.0,0.0,1.0,0.53,
168.0,1474.0,140.0,43.0,1.0,0.0,0.295,
168.0,1474.0,140.0,43.0,2.0,0.0,0.03,
168.0,1474.0,140.0,43.0,3.0,0.0,0.385,
168.0,1474.0,140.0,43.0,4.0,0.0,0.025,
168.0,1474.0,140.0,43.0,5.0,0.0,0.36,
168.0,1474.0,140.0,43.0,6.0,1.0,0.57,
168.0,1474.0,140.0,43.0,7.0,0.0,0.06,
168.0,1474.0,140.0,43.0,8.0,0.0,0.12,
168.0,1474.0,140.0,43.0,9.0,0.0,0.02,
168.0,1474.0,140.0,43.0,10.0,1.0,0.705,
168.0,1474.0,140.0,43.0,11.0,0.0,0.04,
149.0,597.0,142.0,21.0,0.0,0.0,0.36,
149.0,597.0,142.0,21.0,1.0,1.0,0.64,
149.0,597.0,142.0,21.0,2.0,0.0,0.255,
149.0,597.0,142.0,21.0,3.0,1.0,0.59,
149.0,597.0,142.0,21.0,4.0,1.0,0.895,
149.0,597.0,142.0,21.0,5.0,1.0,0.67,
149.0,597.0,142.0,21.0,6.0,1.0,0.96,
149.0,597.0,142.0,21.0,7.0,0.0,0.45,
149.0,597.0,142.0,21.0,8.0,0.0,0.105,
149.0,597.0,142.0,21.0,9.0,0.0,0.06,
149.0,597.0,142.0,21.0,10.0,1.0,0.79,
149.0,597.0,142.0,21.0,11.0,1.0,0.75,
245.0,417.0,152.0,114.0,0.0,1.0,0.935,
245.0,417.0,152.0,114.0,1.0,1.0,0.85,
245.0,417.0,152.0,114.0,2.0,1.0,0.955,
245.0,417.0,152.0,114.0,3.0,0.0,0.255,
245.0,417.0,152.0,114.0,4.0,1.0,0.76,
245.0,417.0,152.0,114.0,5.0,1.0,0.75,
245.0,417.0,152.0,114.0,6.0,1.0,0.88,
245.0,417.0,152.0,114.0,7.0,1.0,0.84,
245.0,417.0,152.0,114.0,8.0,1.0,0.88,
245.0,417.0,152.0,114.0,9.0,1.0,0.97,
245.0,417.0,152.0,114.0,10.0,0.0,0.27,
245.0,417.0,152.0,114.0,11.0,1.0,0.73,
178.0,114.0,159.0,30.0,0.0,0.0,0.08,
178.0,114.0,159.0,30.0,1.0,0.0,0.06,
178.0,114.0,159.0,30.0,2.0,1.0,0.585,
178.0,114.0,159.0,30.0,3.0,1.0,0.655,
178.0,114.0,159.0,30.0,4.0,0.0,0.095,
178.0,114.0,159.0,30.0,5.0,0.0,0.03,
178.0,114.0,159.0,30.0,6.0,0.0,0.14,
178.0,114.0,159.0,30.0,7.0,0.0,0.05,
178.0,114.0,159.0,30.0,8.0,1.0,0.97,
178.0,114.0,159.0,30.0,9.0,1.0,0.935,
178.0,114.0,159.0,30.0,10.0,0.0,0.25,
178.0,114.0,159.0,30.0,11.0,0.0,0.1,
174.0,1200.0,176.0,20.0,0.0,0.0,0.095,
174.0,1200.0,176.0,20.0,1.0,0.0,0.15,
174.0,1200.0,176.0,20.0,2.0,1.0,0.68,
174.0,1200.0,176.0,20.0,3.0,0.0,0.37,
174.0,1200.0,176.0,20.0,4.0,0.0,0.375,
174.0,1200.0,176.0,20.0,5.0,1.0,0.965,
174.0,1200.0,176.0,20.0,6.0,1.0,0.72,
174.0,1200.0,176.0,20.0,7.0,0.0,0.205,
174.0,1200.0,176.0,20.0,8.0,1.0,0.685,
174.0,1200.0,176.0,20.0,9.0,1.0,0.775,
174.0,1200.0,176.0,20.0,10.0,1.0,1.0,
174.0,1200.0,176.0,20.0,11.0,0.0,0.005,
179.0,871.0,180.0,21.0,0.0,1.0,0.575,
179.0,871.0,180.0,21.0,1.0,1.0,0.675,
179.0,871.0,180.0,21.0,2.0,0.0,0.225,
179.0,871.0,180.0,21.0,3.0,0.0,0.25,
179.0,871.0,180.0,21.0,4.0,1.0,0.63,
179.0,871.0,180.0,21.0,5.0,1.0,0.605,
179.0,871.0,180.0,21.0,6.0,0.0,0.28,
179.0,871.0,180.0,21.0,7.0,1.0,0.64,
179.0,871.0,180.0,21.0,8.0,1.0,0.64,
179.0,871.0,180.0,21.0,9.0,1.0,0.535,
179.0,871.0,180.0,21.0,10.0,0.0,0.0,
179.0,871.0,180.0,21.0,11.0,1.0,0.675,
220.0,1059.0,194.0,43.0,0.0,1.0,0.535,
220.0,1059.0,194.0,43.0,1.0,1.0,0.775,
220.0,1059.0,194.0,43.0,2.0,1.0,0.81,
220.0,1059.0,194.0,43.0,3.0,1.0,0.96,
220.0,1059.0,194.0,43.0,4.0,0.0,0.01,
220.0,1059.0,194.0,43.0,5.0,1.0,0.54,
220.0,1059.0,194.0,43.0,6.0,1.0,0.785,
220.0,1059.0,194.0,43.0,7.0,0.0,0.115,
220.0,1059.0,194.0,43.0,8.0,1.0,0.575,
220.0,1059.0,194.0,43.0,9.0,1.0,0.945,
220.0,1059.0,194.0,43.0,10.0,1.0,0.96,
220.0,1059.0,194.0,43.0,11.0,0.0,0.485,
260.0,597.0,210.0,70.0,0.0,1.0,0.95,
260.0,597.0,210.0,70.0,1.0,0.0,0.11,
260.0,597.0,210.0,70.0,2.0,0.0,0.06,
260.0,597.0,210.0,70.0,3.0,1.0,0.575,
260.0,597.0,210.0,70.0,4.0,1.0,1.0,
260.0,597.0,210.0,70.0,5.0,1.0,0.995,
260.0,597.0,210.0,70.0,6.0,1.0,0.81,
260.0,597.0,210.0,70.0,7.0,1.0,0.645,
260.0,597.0,210.0,70.0,8.0,1.0,0.91,
260.0,597.0,210.0,70.0,9.0,1.0,0.83,
260.0,597.0,210.0,70.0,10.0,1.0,0.99,
260.0,597.0,210.0,70.0,11.0,1.0,0.985,
237.0,717.0,213.0,42.0,0.0,0.0,0.225,
237.0,717.0,213.0,42.0,1.0,0.0,0.475,
237.0,717.0,213.0,42.0,2.0,1.0,1.0,
237.0,717.0,213.0,42.0,3.0,1.0,0.755,
237.0,717.0,213.0,42.0,4.0,0.0,0.115,
237.0,717.0,213.0,42.0,5.0,0.0,0.39,
237.0,717.0,213.0,42.0,6.0,1.0,0.655,
237.0,717.0,213.0,42.0,7.0,1.0,0.84,
237.0,717.0,213.0,42.0,8.0,1.0,0.99,
237.0,717.0,213.0,42.0,9.0,1.0,0.975,
237.0,717.0,213.0,42.0,10.0,1.0,0.715,
237.0,717.0,213.0,42.0,11.0,1.0,1.0,
230.0,517.0,222.0,22.0,0.0,0.0,0.48,
230.0,517.0,222.0,22.0,1.0,0.0,0.14,
230.0,517.0,222.0,22.0,2.0,0.0,0.1,
230.0,517.0,222.0,22.0,3.0,1.0,0.985,
230.0,517.0,222.0,22.0,4.0,0.0,0.17,
230.0,517.0,222.0,22.0,5.0,1.0,0.56,
230.0,517.0,222.0,22.0,6.0,0.0,0.1,
230.0,517.0,222.0,22.0,7.0,0.0,0.1,
230.0,517.0,222.0,22.0,8.0,0.0,0.005,
230.0,517.0,222.0,22.0,9.0,1.0,0.765,
230.0,517.0,222.0,22.0,10.0,1.0,0.82,
230.0,517.0,222.0,22.0,11.0,1.0,0.86,
238.0,22.0,228.0,28.0,0.0,1.0,0.56,
238.0,22.0,228.0,28.0,1.0,1.0,0.75,
238.0,22.0,228.0,28.0,3.0,0.0,0.07,
238.0,22.0,228.0,28.0,4.0,1.0,1.0,
238.0,22.0,228.0,28.0,5.0,1.0,0.725,
238.0,22.0,228.0,28.0,6.0,0.0,0.46,
238.0,22.0,228.0,28.0,9.0,0.0,0.05,
238.0,22.0,228.0,28.0,10.0,0.0,0.025,
238.0,22.0,228.0,28.0,11.0,1.0,0.94,
251.0,812.0,232.0,67.0,0.0,1.0,0.52,
251.0,812.0,232.0,67.0,1.0,1.0,0.825,
251.0,812.0,232.0,67.0,2.0,1.0,0.66,
251.0,812.0,232.0,67.0,3.0,0.0,0.015,
251.0,812.0,232.0,67.0,4.0,0.0,0.105,
251.0,812.0,232.0,67.0,5.0,0.0,0.02,
251.0,812.0,232.0,67.0,6.0,1.0,0.905,
251.0,812.0,232.0,67.0,7.0,1.0,1.0,
251.0,812.0,232.0,67.0,8.0,1.0,0.725,
251.0,812.0,232.0,67.0,9.0,0.0,0.195,
251.0,812.0,232.0,67.0,10.0,0.0,0.365,
251.0,812.0,232.0,67.0,11.0,1.0,0.61,
249.0,1484.0,236.0,35.0,0.0,1.0,0.72,
249.0,1484.0,236.0,35.0,1.0,1.0,0.635,
249.0,1484.0,236.0,35.0,2.0,0.0,0.21,
249.0,1484.0,236.0,35.0,3.0,0.0,0.245,
249.0,1484.0,236.0,35.0,4.0,1.0,0.9,
249.0,1484.0,236.0,35.0,5.0,0.0,0.16,
249.0,1484.0,236.0,35.0,6.0,0.0,0.245,
249.0,1484.0,236.0,35.0,7.0,0.0,0.47,
249.0,1484.0,236.0,35.0,8.0,0.0,0.1,
249.0,1484.0,236.0,35.0,9.0,1.0,0.755,
249.0,1484.0,236.0,35.0,10.0,1.0,0.755,
249.0,1484.0,236.0,35.0,11.0,1.0,0.85,
303.0,118.0,252.0,75.0,0.0,1.0,0.82,
303.0,118.0,252.0,75.0,1.0,1.0,0.755,
303.0,118.0,252.0,75.0,2.0,1.0,0.985,
303.0,118.0,252.0,75.0,3.0,1.0,1.0,
303.0,118.0,252.0,75.0,4.0,1.0,0.95,
303.0,118.0,252.0,75.0,5.0,1.0,0.975,
303.0,118.0,252.0,75.0,6.0,1.0,0.99,
303.0,118.0,252.0,75.0,7.0,1.0,0.92,
303.0,118.0,252.0,75.0,8.0,1.0,0.975,
303.0,118.0,252.0,75.0,9.0,1.0,0.96,
303.0,118.0,252.0,75.0,10.0,1.0,0.985,
303.0,118.0,252.0,75.0,11.0,0.0,0.38,
262.0,949.0,255.0,24.0,0.0,0.0,0.295,
262.0,949.0,255.0,24.0,1.0,0.0,0.485,
262.0,949.0,255.0,24.0,2.0,0.0,0.42,
262.0,949.0,255.0,24.0,3.0,0.0,0.375,
262.0,949.0,255.0,24.0,4.0,1.0,0.575,
262.0,949.0,255.0,24.0,5.0,0.0,0.37,
262.0,949.0,255.0,24.0,6.0,1.0,0.94,
262.0,949.0,255.0,24.0,7.0,1.0,0.895,
262.0,949.0,255.0,24.0,8.0,0.0,0.145,
262.0,949.0,255.0,24.0,9.0,0.0,0.135,
262.0,949.0,255.0,24.0,10.0,0.0,0.305,
262.0,949.0,255.0,24.0,11.0,1.0,0.545,
280.0,1174.0,263.0,33.0,0.0,1.0,0.735,
280.0,1174.0,263.0,33.0,1.0,1.0,0.935,
280.0,1174.0,263.0,33.0,2.0,1.0,0.805,
280.0,1174.0,263.0,33.0,3.0,1.0,0.71,
280.0,1174.0,263.0,33.0,4.0,1.0,0.725,
280.0,1174.0,263.0,33.0,5.0,1.0,0.66,
280.0,1174.0,263.0,33.0,6.0,0.0,0.19,
280.0,1174.0,263.0,33.0,7.0,1.0,0.57,
280.0,1174.0,263.0,33.0,8.0,1.0,0.59,
280.0,1174.0,263.0,33.0,9.0,1.0,0.545,
280.0,1174.0,263.0,33.0,10.0,1.0,0.845,
280.0,1174.0,263.0,33.0,11.0,1.0,0.645,
291.0,258.0,272.0,36.0,0.0,1.0,0.84,
291.0,258.0,272.0,36.0,1.0,1.0,0.91,
291.0,258.0,272.0,36.0,2.0,1.0,0.965,
291.0,258.0,272.0,36.0,3.0,1.0,0.57,
291.0,258.0,272.0,36.0,4.0,1.0,0.935,
291.0,258.0,272.0,36.0,5.0,1.0,0.88,
291.0,258.0,272.0,36.0,6.0,1.0,0.825,
291.0,258.0,272.0,36.0,7.0,1.0,0.96,
291.0,258.0,272.0,36.0,8.0,1.0,0.945,
291.0,258.0,272.0,36.0,9.0,1.0,0.88,
291.0,258.0,272.0,36.0,10.0,1.0,0.735,
291.0,258.0,272.0,36.0,11.0,1.0,0.805,
303.0,869.0,280.0,32.0,0.0,0.0,0.235,
303.0,869.0,280.0,32.0,1.0,0.0,0.345,
303.0,869.0,280.0,32.0,2.0,1.0,0.965,
303.0,869.0,280.0,32.0,3.0,1.0,0.92,
303.0,869.0,280.0,32.0,4.0,1.0,0.935,
303.0,869.0,280.0,32.0,5.0,1.0,0.835,
303.0,869.0,280.0,32.0,6.0,0.0,0.435,
303.0,869.0,280.0,32.0,7.0,1.0,0.655,
303.0,869.0,280.0,32.0,8.0,1.0,0.96,
303.0,869.0,280.0,32.0,9.0,1.0,0.765,
303.0,869.0,280.0,32.0,10.0,1.0,0.625,
303.0,869.0,280.0,32.0,11.0,1.0,0.82,
324.0,723.0,289.0,43.0,0.0,1.0,0.675,
324.0,723.0,289.0,43.0,1.0,1.0,0.98,
324.0,723.0,289.0,43.0,2.0,1.0,1.0,
324.0,723.0,289.0,43.0,3.0,1.0,1.0,
324.0,723.0,289.0,43.0,4.0,1.0,0.79,
324.0,723.0,289.0,43.0,5.0,1.0,0.97,
324.0,723.0,289.0,43.0,6.0,1.0,0.99,
324.0,723.0,289.0,43.0,7.0,1.0,1.0,
324.0,723.0,289.0,43.0,8.0,1.0,0.99,
324.0,723.0,289.0,43.0,9.0,1.0,0.965,
324.0,723.0,289.0,43.0,10.0,1.0,0.96,
324.0,723.0,289.0,43.0,11.0,1.0,0.97,
341.0,1261.0,300.0,42.0,0.0,1.0,0.845,
341.0,1261.0,300.0,42.0,1.0,1.0,0.76,
341.0,1261.0,300.0,42.0,2.0,0.0,0.245,
341.0,1261.0,300.0,42.0,3.0,0.0,0.0,
341.0,1261.0,300.0,42.0,4.0,0.0,0.015,
341.0,1261.0,300.0,42.0,5.0,1.0,0.575,
341.0,1261.0,300.0,42.0,6.0,1.0,0.565,
341.0,1261.0,300.0,42.0,7.0,0.0,0.095,
341.0,1261.0,300.0,42.0,8.0,0.0,0.115,
341.0,1261.0,300.0,42.0,9.0,0.0,0.39,
341.0,1261.0,300.0,42.0,10.0,0.0,0.115,
341.0,1261.0,300.0,42.0,11.0,1.0,0.775,
357.0,601.0,303.0,45.0,0.0,1.0,1.0,
357.0,601.0,303.0,45.0,1.0,0.0,0.155,
357.0,601.0,303.0,45.0,2.0,0.0,0.005,
357.0,601.0,303.0,45.0,3.0,1.0,0.995,
357.0,601.0,303.0,45.0,4.0,0.0,0.105,
357.0,601.0,303.0,45.0,5.0,0.0,0.065,
357.0,601.0,303.0,45.0,6.0,0.0,0.03,
357.0,601.0,303.0,45.0,7.0,0.0,0.165,
357.0,601.0,303.0,45.0,8.0,1.0,0.91,
357.0,601.0,303.0,45.0,9.0,1.0,0.995,
357.0,601.0,303.0,45.0,10.0,1.0,0.83,
357.0,601.0,303.0,45.0,11.0,1.0,0.995,
372.0,1057.0,316.0,40.0,0.0,1.0,0.88,
372.0,1057.0,316.0,40.0,1.0,1.0,0.905,
372.0,1057.0,316.0,40.0,2.0,1.0,0.89,
372.0,1057.0,316.0,40.0,3.0,1.0,0.985,
372.0,1057.0,316.0,40.0,4.0,1.0,0.715,
372.0,1057.0,316.0,40.0,5.0,1.0,0.81,
372.0,1057.0,316.0,40.0,6.0,1.0,0.705,
372.0,1057.0,316.0,40.0,7.0,0.0,0.225,
372.0,1057.0,316.0,40.0,8.0,1.0,0.825,
372.0,1057.0,316.0,40.0,9.0,1.0,0.975,
372.0,1057.0,316.0,40.0,10.0,1.0,0.72,
372.0,1057.0,316.0,40.0,11.0,0.0,0.35,
361.0,977.0,327.0,21.0,0.0,1.0,0.755,
361.0,977.0,327.0,21.0,1.0,0.0,0.46,
361.0,977.0,327.0,21.0,2.0,1.0,0.945,
361.0,977.0,327.0,21.0,3.0,0.0,0.315,
361.0,977.0,327.0,21.0,4.0,1.0,0.615,
361.0,977.0,327.0,21.0,5.0,0.0,0.145,
361.0,977.0,327.0,21.0,6.0,1.0,0.835,
361.0,977.0,327.0,21.0,7.0,1.0,0.86,
361.0,977.0,327.0,21.0,8.0,0.0,0.06,
361.0,977.0,327.0,21.0,9.0,0.0,0.08,
361.0,977.0,327.0,21.0,10.0,0.0,0.105,
361.0,977.0,327.0,21.0,11.0,0.0,0.105,
372.0,841.0,329.0,26.0,0.0,0.0,0.02,
372.0,841.0,329.0,26.0,1.0,1.0,0.63,
372.0,841.0,329.0,26.0,2.0,1.0,0.995,
372.0,841.0,329.0,26.0,3.0,1.0,0.61,
372.0,841.0,329.0,26.0,4.0,0.0,0.205,
372.0,841.0,329.0,26.0,5.0,0.0,0.435,
372.0,841.0,329.0,26.0,6.0,0.0,0.02,
372.0,841.0,329.0,26.0,7.0,0.0,0.01,
372.0,841.0,329.0,26.0,8.0,1.0,0.95,
372.0,841.0,329.0,26.0,9.0,1.0,1.0,
372.0,841.0,329.0,26.0,10.0,1.0,0.725,
372.0,841.0,329.0,26.0,11.0,0.0,0.005,
382.0,1564.0,332.0,44.0,1.0,0.0,0.13,
382.0,1564.0,332.0,44.0,2.0,0.0,0.35,
382.0,1564.0,332.0,44.0,3.0,0.0,0.175,
382.0,1564.0,332.0,44.0,5.0,0.0,0.185,
382.0,1564.0,332.0,44.0,6.0,1.0,1.0,
382.0,1564.0,332.0,44.0,7.0,1.0,0.9,
382.0,1564.0,332.0,44.0,8.0,0.0,0.225,
382.0,1564.0,332.0,44.0,9.0,1.0,0.875,
382.0,1564.0,332.0,44.0,10.0,1.0,0.515,
388.0,732.0,339.0,37.0,0.0,0.0,0.365,
388.0,732.0,339.0,37.0,1.0,1.0,0.83,
388.0,732.0,339.0,37.0,2.0,1.0,0.58,
388.0,732.0,339.0,37.0,3.0,0.0,0.095,
388.0,732.0,339.0,37.0,4.0,0.0,0.475,
388.0,732.0,339.0,37.0,5.0,1.0,0.58,
388.0,732.0,339.0,37.0,6.0,1.0,0.655,
388.0,732.0,339.0,37.0,7.0,0.0,0.0,
388.0,732.0,339.0,37.0,8.0,1.0,0.805,
388.0,732.0,339.0,37.0,9.0,0.0,0.095,
388.0,732.0,339.0,37.0,10.0,1.0,0.9,
388.0,732.0,339.0,37.0,11.0,0.0,0.385,
396.0,1143.0,344.0,36.0,0.0,0.0,0.435,
396.0,1143.0,344.0,36.0,1.0,1.0,0.87,
396.0,1143.0,344.0,36.0,2.0,1.0,0.685,
396.0,1143.0,344.0,36.0,3.0,1.0,0.945,
396.0,1143.0,344.0,36.0,4.0,1.0,0.93,
396.0,1143.0,344.0,36.0,5.0,1.0,0.845,
396.0,1143.0,344.0,36.0,6.0,1.0,1.0,
396.0,1143.0,344.0,36.0,7.0,1.0,0.7,
396.0,1143.0,344.0,36.0,8.0,1.0,0.94,
396.0,1143.0,344.0,36.0,9.0,1.0,0.62,
396.0,1143.0,344.0,36.0,10.0,1.0,0.91,
396.0,1143.0,344.0,36.0,11.0,1.0,0.915,
410.0,350.0,355.0,49.0,0.0,0.0,0.14,
410.0,350.0,355.0,49.0,1.0,1.0,0.995,
410.0,350.0,355.0,49.0,2.0,1.0,1.0,
410.0,350.0,355.0,49.0,3.0,0.0,0.01,
410.0,350.0,355.0,49.0,4.0,1.0,0.875,
410.0,350.0,355.0,49.0,5.0,1.0,1.0,
410.0,350.0,355.0,49.0,6.0,1.0,0.975,
410.0,350.0,355.0,49.0,7.0,1.0,0.87,
410.0,350.0,355.0,49.0,8.0,0.0,0.12,
410.0,350.0,355.0,49.0,9.0,0.0,0.025,
410.0,350.0,355.0,49.0,10.0,0.0,0.11,
410.0,350.0,355.0,49.0,11.0,0.0,0.15,
451.0,1317.0,369.0,63.0,0.0,1.0,0.795,
451.0,1317.0,369.0,63.0,1.0,1.0,0.975,
451.0,1317.0,369.0,63.0,2.0,1.0,1.0,
451.0,1317.0,369.0,63.0,3.0,1.0,1.0,
451.0,1317.0,369.0,63.0,4.0,0.0,0.07,
451.0,1317.0,369.0,63.0,5.0,1.0,0.83,
451.0,1317.0,369.0,63.0,6.0,1.0,0.98,
451.0,1317.0,369.0,63.0,7.0,1.0,0.965,
451.0,1317.0,369.0,63.0,8.0,1.0,0.89,
451.0,1317.0,369.0,63.0,9.0,1.0,0.95,
451.0,1317.0,369.0,63.0,10.0,1.0,1.0,
451.0,1317.0,369.0,63.0,11.0,1.0,0.97,
464.0,467.0,376.0,72.0,0.0,1.0,1.0,
464.0,467.0,376.0,72.0,1.0,1.0,1.0,
464.0,467.0,376.0,72.0,2.0,1.0,1.0,
464.0,467.0,376.0,72.0,3.0,1.0,0.96,
464.0,467.0,376.0,72.0,4.0,1.0,0.97,
464.0,467.0,376.0,72.0,5.0,1.0,1.0,
464.0,467.0,376.0,72.0,6.0,1.0,1.0,
464.0,467.0,376.0,72.0,7.0,1.0,1.0,
464.0,467.0,376.0,72.0,8.0,1.0,0.995,
464.0,467.0,376.0,72.0,9.0,1.0,1.0,
464.0,467.0,376.0,72.0,10.0,1.0,0.985,
464.0,467.0,376.0,72.0,11.0,1.0,0.995,
471.0,1487.0,386.0,65.0,0.0,1.0,0.835,
471.0,1487.0,386.0,65.0,1.0,1.0,0.89,
471.0,1487.0,386.0,65.0,2.0,1.0,0.775,
471.0,1487.0,386.0,65.0,3.0,0.0,0.18,
471.0,1487.0,386.0,65.0,4.0,1.0,0.97,
471.0,1487.0,386.0,65.0,5.0,1.0,0.995,
471.0,1487.0,386.0,65.0,6.0,1.0,0.805,
471.0,1487.0,386.0,65.0,7.0,1.0,0.915,
471.0,1487.0,386.0,65.0,8.0,1.0,0.56,
471.0,1487.0,386.0,65.0,9.0,1.0,0.975,
471.0,1487.0,386.0,65.0,10.0,1.0,0.995,
471.0,1487.0,386.0,65.0,11.0,1.0,0.805,
429.0,249.0,390.0,22.0,0.0,0.0,0.1,
429.0,249.0,390.0,22.0,1.0,0.0,0.01,
429.0,249.0,390.0,22.0,2.0,0.0,0.055,
429.0,249.0,390.0,22.0,3.0,0.0,0.08,
429.0,249.0,390.0,22.0,4.0,0.0,0.17,
429.0,249.0,390.0,22.0,5.0,0.0,0.0,
429.0,249.0,390.0,22.0,6.0,0.0,0.0,
429.0,249.0,390.0,22.0,7.0,0.0,0.125,
429.0,249.0,390.0,22.0,8.0,1.0,0.63,
429.0,249.0,390.0,22.0,9.0,0.0,0.08,
429.0,249.0,390.0,22.0,10.0,1.0,0.605,
429.0,249.0,390.0,22.0,11.0,0.0,0.21,
446.0,861.0,402.0,31.0,0.0,1.0,0.925,
446.0,861.0,402.0,31.0,1.0,1.0,0.955,
446.0,861.0,402.0,31.0,2.0,1.0,0.875,
446.0,861.0,402.0,31.0,3.0,0.0,0.13,
446.0,861.0,402.0,31.0,4.0,1.0,0.655,
446.0,861.0,402.0,31.0,5.0,1.0,1.0,
446.0,861.0,402.0,31.0,6.0,0.0,0.145,
446.0,861.0,402.0,31.0,7.0,0.0,0.155,
446.0,861.0,402.0,31.0,8.0,1.0,0.635,
446.0,861.0,402.0,31.0,9.0,0.0,0.01,
446.0,861.0,402.0,31.0,10.0,0.0,0.09,
446.0,861.0,402.0,31.0,11.0,0.0,0.5,
502.0,1158.0,413.0,58.0,0.0,1.0,1.0,
502.0,1158.0,413.0,58.0,1.0,0.0,0.035,
502.0,1158.0,413.0,58.0,2.0,1.0,0.92,
502.0,1158.0,413.0,58.0,3.0,0.0,0.06,
502.0,1158.0,413.0,58.0,4.0,0.0,0.465,
502.0,1158.0,413.0,58.0,5.0,1.0,0.945,
502.0,1158.0,413.0,58.0,6.0,0.0,0.195,
502.0,1158.0,413.0,58.0,7.0,1.0,0.705,
502.0,1158.0,413.0,58.0,8.0,1.0,0.66,
502.0,1158.0,413.0,58.0,9.0,1.0,0.71,
502.0,1158.0,413.0,58.0,10.0,1.0,0.99,
502.0,1158.0,413.0,58.0,11.0,1.0,0.9,
482.0,1589.0,416.0,32.0,1.0,0.0,0.175,
482.0,1589.0,416.0,32.0,2.0,0.0,0.245,
482.0,1589.0,416.0,32.0,3.0,1.0,0.575,
482.0,1589.0,416.0,32.0,6.0,0.0,0.1,
482.0,1589.0,416.0,32.0,7.0,0.0,0.02,
482.0,1589.0,416.0,32.0,8.0,0.0,0.29,
482.0,1589.0,416.0,32.0,9.0,0.0,0.255,
470.0,854.0,417.0,28.0,0.0,1.0,0.685,
470.0,854.0,417.0,28.0,1.0,0.0,0.07,
470.0,854.0,417.0,28.0,2.0,0.0,0.31,
470.0,854.0,417.0,28.0,3.0,0.0,0.015,
470.0,854.0,417.0,28.0,4.0,0.0,0.39,
470.0,854.0,417.0,28.0,5.0,1.0,0.83,
470.0,854.0,417.0,28.0,6.0,0.0,0.12,
470.0,854.0,417.0,28.0,7.0,0.0,0.12,
470.0,854.0,417.0,28.0,8.0,0.0,0.125,
470.0,854.0,417.0,28.0,9.0,0.0,0.095,
470.0,854.0,417.0,28.0,10.0,0.0,0.025,
470.0,854.0,417.0,28.0,11.0,0.0,0.025,
527.0,200.0,430.0,74.0,0.0,1.0,0.86,
527.0,200.0,430.0,74.0,1.0,1.0,0.855,
527.0,200.0,430.0,74.0,2.0,1.0,0.65,
527.0,200.0,430.0,74.0,3.0,1.0,0.75,
527.0,200.0,430.0,74.0,4.0,0.0,0.08,
527.0,200.0,430.0,74.0,5.0,1.0,0.665,
527.0,200.0,430.0,74.0,6.0,1.0,0.85,
527.0,200.0,430.0,74.0,7.0,1.0,0.875,
527.0,200.0,430.0,74.0,8.0,1.0,0.655,
527.0,200.0,430.0,74.0,9.0,1.0,0.695,
527.0,200.0,430.0,74.0,10.0,1.0,0.78,
527.0,200.0,430.0,74.0,11.0,0.0,0.135,
541.0,917.0,442.0,79.0,0.0,1.0,0.52,
541.0,917.0,442.0,79.0,1.0,0.0,0.175,
541.0,917.0,442.0,79.0,2.0,0.0,0.275,
541.0,917.0,442.0,79.0,3.0,0.0,0.23,
541.0,917.0,442.0,79.0,4.0,1.0,1.0,
541.0,917.0,442.0,79.0,5.0,0.0,0.465,
541.0,917.0,442.0,79.0,6.0,1.0,0.54,
541.0,917.0,442.0,79.0,7.0,1.0,0.545,
541.0,917.0,442.0,79.0,8.0,0.0,0.28,
541.0,917.0,442.0,79.0,9.0,0.0,0.075,
541.0,917.0,442.0,79.0,10.0,1.0,0.975,
541.0,917.0,442.0,79.0,11.0,1.0,0.715,
534.0,306.0,455.0,29.0,0.0,1.0,0.97,
534.0,306.0,455.0,29.0,1.0,1.0,0.745,
534.0,306.0,455.0,29.0,2.0,1.0,0.995,
534.0,306.0,455.0,29.0,3.0,1.0,0.97,
534.0,306.0,455.0,29.0,4.0,1.0,0.995,
534.0,306.0,455.0,29.0,5.0,1.0,0.95,
534.0,306.0,455.0,29.0,6.0,1.0,0.895,
534.0,306.0,455.0,29.0,7.0,1.0,0.885,
534.0,306.0,455.0,29.0,8.0,1.0,0.955,
534.0,306.0,455.0,29.0,9.0,1.0,1.0,
534.0,306.0,455.0,29.0,10.0,1.0,0.95,
534.0,306.0,455.0,29.0,11.0,1.0,0.925,
565.0,750.0,472.0,41.0,0.0,1.0,1.0,
565.0,750.0,472.0,41.0,1.0,1.0,0.85,
565.0,750.0,472.0,41.0,2.0,1.0,0.965,
565.0,750.0,472.0,41.0,3.0,1.0,0.96,
565.0,750.0,472.0,41.0,4.0,1.0,0.985,
565.0,750.0,472.0,41.0,5.0,1.0,0.95,
565.0,750.0,472.0,41.0,6.0,1.0,0.805,
565.0,750.0,472.0,41.0,7.0,1.0,0.97,
565.0,750.0,472.0,41.0,8.0,1.0,0.815,
565.0,750.0,472.0,41.0,9.0,1.0,0.755,
565.0,750.0,472.0,41.0,10.0,1.0,0.945,
565.0,750.0,472.0,41.0,11.0,1.0,0.86,
619.0,1405.0,477.0,99.0,0.0,1.0,0.97,
619.0,1405.0,477.0,99.0,1.0,1.0,0.995,
619.0,1405.0,477.0,99.0,2.0,1.0,0.97,
619.0,1405.0,477.0,99.0,3.0,1.0,0.935,
619.0,1405.0,477.0,99.0,4.0,1.0,0.98,
619.0,1405.0,477.0,99.0,5.0,1.0,1.0,
619.0,1405.0,477.0,99.0,6.0,1.0,0.975,
619.0,1405.0,477.0,99.0,7.0,1.0,0.985,
619.0,1405.0,477.0,99.0,8.0,1.0,0.87,
619.0,1405.0,477.0,99.0,9.0,1.0,0.82,
619.0,1405.0,477.0,99.0,10.0,1.0,0.875,
619.0,1405.0,477.0,99.0,11.0,0.0,0.325,
593.0,415.0,483.0,60.0,0.0,0.0,0.445,
593.0,415.0,483.0,60.0,1.0,1.0,0.85,
593.0,415.0,483.0,60.0,2.0,0.0,0.195,
593.0,415.0,483.0,60.0,3.0,1.0,0.905,
593.0,415.0,483.0,60.0,4.0,0.0,0.005,
593.0,415.0,483.0,60.0,5.0,1.0,0.71,
593.0,415.0,483.0,60.0,6.0,0.0,0.08,
593.0,415.0,483.0,60.0,7.0,0.0,0.005,
593.0,415.0,483.0,60.0,8.0,1.0,0.635,
593.0,415.0,483.0,60.0,9.0,1.0,0.865,
593.0,415.0,483.0,60.0,10.0,1.0,0.94,
593.0,415.0,483.0,60.0,11.0,0.0,0.49,
582.0,1563.0,488.0,47.0,1.0,0.0,0.01,
582.0,1563.0,488.0,47.0,2.0,1.0,0.55,
582.0,1563.0,488.0,47.0,3.0,0.0,0.095,
582.0,1563.0,488.0,47.0,5.0,1.0,0.855,
582.0,1563.0,488.0,47.0,6.0,1.0,0.915,
582.0,1563.0,488.0,47.0,7.0,1.0,0.66,
582.0,1563.0,488.0,47.0,8.0,1.0,0.69,
582.0,1563.0,488.0,47.0,9.0,1.0,0.68,
582.0,1563.0,488.0,47.0,10.0,1.0,0.76,
570.0,1163.0,490.0,33.0,0.0,1.0,0.995,
570.0,1163.0,490.0,33.0,1.0,1.0,0.995,
570.0,1163.0,490.0,33.0,2.0,1.0,0.99,
570.0,1163.0,490.0,33.0,3.0,1.0,0.97,
570.0,1163.0,490.0,33.0,4.0,1.0,1.0,
570.0,1163.0,490.0,33.0,5.0,1.0,0.995,
570.0,1163.0,490.0,33.0,6.0,1.0,0.98,
570.0,1163.0,490.0,33.0,7.0,0.0,0.08,
570.0,1163.0,490.0,33.0,8.0,1.0,0.97,
570.0,1163.0,490.0,33.0,9.0,1.0,0.97,
570.0,1163.0,490.0,33.0,10.0,1.0,1.0,
570.0,1163.0,490.0,33.0,11.0,1.0,0.96,
582.0,610.0,495.0,30.0,0.0,1.0,0.985,
582.0,610.0,495.0,30.0,1.0,1.0,0.905,
582.0,610.0,495.0,30.0,2.0,1.0,0.88,
582.0,610.0,495.0,30.0,3.0,0.0,0.42,
582.0,610.0,495.0,30.0,4.0,1.0,0.995,
582.0,610.0,495.0,30.0,5.0,1.0,0.97,
582.0,610.0,495.0,30.0,6.0,1.0,0.94,
582.0,610.0,495.0,30.0,7.0,1.0,0.89,
582.0,610.0,495.0,30.0,8.0,1.0,0.93,
582.0,610.0,495.0,30.0,9.0,1.0,0.695,
582.0,610.0,495.0,30.0,10.0,1.0,0.98,
582.0,610.0,495.0,30.0,11.0,1.0,0.93,
578.0,1523.0,498.0,24.0,0.0,0.0,0.365,
578.0,1523.0,498.0,24.0,1.0,1.0,0.925,
578.0,1523.0,498.0,24.0,2.0,1.0,0.81,
578.0,1523.0,498.0,24.0,3.0,1.0,0.995,
578.0,1523.0,498.0,24.0,4.0,0.0,0.075,
578.0,1523.0,498.0,24.0,5.0,1.0,0.675,
578.0,1523.0,498.0,24.0,6.0,0.0,0.455,
578.0,1523.0,498.0,24.0,7.0,0.0,0.355,
578.0,1523.0,498.0,24.0,8.0,1.0,1.0,
578.0,1523.0,498.0,24.0,9.0,1.0,0.995,
578.0,1523.0,498.0,24.0,10.0,0.0,0.32,
578.0,1523.0,498.0,24.0,11.0,0.0,0.09,
635.0,247.0,532.0,30.0,0.0,1.0,0.98,
635.0,247.0,532.0,30.0,1.0,1.0,0.995,
635.0,247.0,532.0,30.0,2.0,1.0,0.905,
635.0,247.0,532.0,30.0,3.0,1.0,0.86,
635.0,247.0,532.0,30.0,4.0,1.0,0.99,
635.0,247.0,532.0,30.0,5.0,1.0,0.99,
635.0,247.0,532.0,30.0,6.0,1.0,0.765,
635.0,247.0,532.0,30.0,7.0,1.0,0.94,
635.0,247.0,532.0,30.0,8.0,1.0,0.67,
635.0,247.0,532.0,30.0,9.0,1.0,0.65,
635.0,247.0,532.0,30.0,10.0,1.0,0.905,
635.0,247.0,532.0,30.0,11.0,1.0,0.945,
643.0,563.0,533.0,40.0,0.0,0.0,0.33,
643.0,563.0,533.0,40.0,1.0,1.0,0.66,
643.0,563.0,533.0,40.0,2.0,1.0,0.61,
643.0,563.0,533.0,40.0,3.0,1.0,0.925,
643.0,563.0,533.0,40.0,4.0,1.0,0.995,
643.0,563.0,533.0,40.0,5.0,0.0,0.49,
643.0,563.0,533.0,40.0,6.0,1.0,0.69,
643.0,563.0,533.0,40.0,7.0,1.0,0.54,
643.0,563.0,533.0,40.0,8.0,1.0,0.645,
643.0,563.0,533.0,40.0,9.0,1.0,0.91,
643.0,563.0,533.0,40.0,10.0,0.0,0.435,
643.0,563.0,533.0,40.0,11.0,0.0,0.285,
622.0,974.0,534.0,26.0,0.0,0.0,0.125,
622.0,974.0,534.0,26.0,1.0,0.0,0.13,
622.0,974.0,534.0,26.0,2.0,0.0,0.115,
622.0,974.0,534.0,26.0,3.0,1.0,0.99,
622.0,974.0,534.0,26.0,4.0,0.0,0.09,
622.0,974.0,534.0,26.0,5.0,0.0,0.2,
622.0,974.0,534.0,26.0,6.0,0.0,0.28,
622.0,974.0,534.0,26.0,7.0,0.0,0.04,
622.0,974.0,534.0,26.0,8.0,1.0,0.665,
622.0,974.0,534.0,26.0,9.0,1.0,0.98,
622.0,974.0,534.0,26.0,10.0,1.0,0.935,
622.0,974.0,534.0,26.0,11.0,1.0,0.645,
637.0,1071.0,535.0,27.0,0.0,1.0,0.615,
637.0,1071.0,535.0,27.0,1.0,0.0,0.18,
637.0,1071.0,535.0,27.0,2.0,0.0,0.41,
637.0,1071.0,535.0,27.0,3.0,0.0,0.15,
637.0,1071.0,535.0,27.0,4.0,1.0,0.89,
637.0,1071.0,535.0,27.0,5.0,1.0,0.805,
637.0,1071.0,535.0,27.0,6.0,1.0,0.74,
637.0,1071.0,535.0,27.0,7.0,1.0,0.57,
637.0,1071.0,535.0,27.0,8.0,0.0,0.15,
637.0,1071.0,535.0,27.0,9.0,0.0,0.125,
637.0,1071.0,535.0,27.0,10.0,0.0,0.06,
637.0,1071.0,535.0,27.0,11.0,0.0,0.165,
643.0,1165.0,539.0,42.0,0.0,1.0,0.865,
643.0,1165.0,539.0,42.0,1.0,1.0,1.0,
643.0,1165.0,539.0,42.0,2.0,1.0,0.995,
643.0,1165.0,539.0,42.0,3.0,1.0,0.75,
643.0,1165.0,539.0,42.0,4.0,1.0,0.99,
643.0,1165.0,539.0,42.0,5.0,0.0,0.135,
643.0,1165.0,539.0,42.0,6.0,1.0,0.99,
643.0,1165.0,539.0,42.0,7.0,1.0,0.925,
643.0,1165.0,539.0,42.0,8.0,1.0,0.62,
643.0,1165.0,539.0,42.0,9.0,1.0,0.995,
643.0,1165.0,539.0,42.0,10.0,1.0,0.875,
643.0,1165.0,539.0,42.0,11.0,1.0,0.92,
655.0,621.0,554.0,30.0,0.0,1.0,0.695,
655.0,621.0,554.0,30.0,1.0,1.0,0.985,
655.0,621.0,554.0,30.0,2.0,0.0,0.215,
655.0,621.0,554.0,30.0,3.0,0.0,0.27,
655.0,621.0,554.0,30.0,4.0,0.0,0.265,
655.0,621.0,554.0,30.0,5.0,1.0,0.885,
655.0,621.0,554.0,30.0,6.0,1.0,0.585,
655.0,621.0,554.0,30.0,7.0,0.0,0.0,
655.0,621.0,554.0,30.0,8.0,0.0,0.165,
655.0,621.0,554.0,30.0,9.0,0.0,0.26,
655.0,621.0,554.0,30.0,10.0,0.0,0.285,
655.0,621.0,554.0,30.0,11.0,0.0,0.26,
675.0,794.0,556.0,48.0,0.0,1.0,0.665,
675.0,794.0,556.0,48.0,1.0,1.0,0.995,
675.0,794.0,556.0,48.0,2.0,1.0,0.995,
675.0,794.0,556.0,48.0,3.0,0.0,0.445,
675.0,794.0,556.0,48.0,4.0,1.0,0.645,
675.0,794.0,556.0,48.0,5.0,1.0,0.995,
675.0,794.0,556.0,48.0,6.0,1.0,0.695,
675.0,794.0,556.0,48.0,7.0,1.0,0.98,
675.0,794.0,556.0,48.0,8.0,1.0,1.0,
675.0,794.0,556.0,48.0,9.0,1.0,0.64,
675.0,794.0,556.0,48.0,10.0,0.0,0.45,
675.0,794.0,556.0,48.0,11.0,1.0,0.51,
653.0,926.0,558.0,27.0,0.0,1.0,0.53,
653.0,926.0,558.0,27.0,1.0,0.0,0.295,
653.0,926.0,558.0,27.0,2.0,0.0,0.175,
653.0,926.0,558.0,27.0,3.0,0.0,0.375,
653.0,926.0,558.0,27.0,4.0,0.0,0.08,
653.0,926.0,558.0,27.0,5.0,0.0,0.105,
653.0,926.0,558.0,27.0,6.0,0.0,0.04,
653.0,926.0,558.0,27.0,7.0,0.0,0.15,
653.0,926.0,558.0,27.0,8.0,0.0,0.06,
653.0,926.0,558.0,27.0,9.0,1.0,0.625,
653.0,926.0,558.0,27.0,10.0,0.0,0.16,
653.0,926.0,558.0,27.0,11.0,0.0,0.47,
695.0,1.0,584.0,21.0,0.0,0.0,0.145,
695.0,1.0,584.0,21.0,1.0,1.0,0.99,
695.0,1.0,584.0,21.0,3.0,1.0,0.89,
695.0,1.0,584.0,21.0,4.0,0.0,0.135,
695.0,1.0,584.0,21.0,5.0,1.0,0.8,
695.0,1.0,584.0,21.0,10.0,1.0,0.805,
695.0,1.0,584.0,21.0,11.0,1.0,0.655,
778.0,645.0,600.0,90.0,0.0,0.0,0.24,
778.0,645.0,600.0,90.0,1.0,1.0,0.94,
778.0,645.0,600.0,90.0,2.0,1.0,1.0,
778.0,645.0,600.0,90.0,3.0,1.0,0.865,
778.0,645.0,600.0,90.0,4.0,1.0,0.685,
778.0,645.0,600.0,90.0,5.0,1.0,0.565,
778.0,645.0,600.0,90.0,6.0,1.0,0.99,
778.0,645.0,600.0,90.0,7.0,1.0,0.99,
778.0,645.0,600.0,90.0,8.0,1.0,0.995,
778.0,645.0,600.0,90.0,9.0,1.0,1.0,
778.0,645.0,600.0,90.0,10.0,1.0,1.0,
778.0,645.0,600.0,90.0,11.0,0.0,0.225,
725.0,1491.0,611.0,43.0,0.0,1.0,0.545,
725.0,1491.0,611.0,43.0,1.0,0.0,0.165,
725.0,1491.0,611.0,43.0,2.0,0.0,0.12,
725.0,1491.0,611.0,43.0,3.0,0.0,0.045,
725.0,1491.0,611.0,43.0,4.0,0.0,0.095,
725.0,1491.0,611.0,43.0,5.0,1.0,0.51,
725.0,1491.0,611.0,43.0,6.0,1.0,0.58,
725.0,1491.0,611.0,43.0,7.0,0.0,0.075,
725.0,1491.0,611.0,43.0,8.0,0.0,0.14,
725.0,1491.0,611.0,43.0,9.0,0.0,0.025,
725.0,1491.0,611.0,43.0,10.0,1.0,0.505,
725.0,1491.0,611.0,43.0,11.0,1.0,0.75,
719.0,382.0,612.0,21.0,0.0,1.0,0.99,
719.0,382.0,612.0,21.0,1.0,1.0,0.995,
719.0,382.0,612.0,21.0,2.0,1.0,1.0,
719.0,382.0,612.0,21.0,3.0,1.0,1.0,
719.0,382.0,612.0,21.0,4.0,1.0,1.0,
719.0,382.0,612.0,21.0,5.0,1.0,0.885,
719.0,382.0,612.0,21.0,6.0,1.0,0.995,
719.0,382.0,612.0,21.0,7.0,1.0,0.995,
719.0,382.0,612.0,21.0,8.0,1.0,1.0,
719.0,382.0,612.0,21.0,9.0,1.0,1.0,
719.0,382.0,612.0,21.0,10.0,1.0,0.98,
719.0,382.0,612.0,21.0,11.0,1.0,0.99,
747.0,916.0,614.0,58.0,0.0,1.0,0.595,
747.0,916.0,614.0,58.0,1.0,1.0,0.87,
747.0,916.0,614.0,58.0,2.0,0.0,0.375,
747.0,916.0,614.0,58.0,3.0,1.0,0.73,
747.0,916.0,614.0,58.0,4.0,1.0,0.54,
747.0,916.0,614.0,58.0,5.0,1.0,0.8,
747.0,916.0,614.0,58.0,6.0,0.0,0.295,
747.0,916.0,614.0,58.0,7.0,0.0,0.34,
747.0,916.0,614.0,58.0,8.0,1.0,0.535,
747.0,916.0,614.0,58.0,9.0,0.0,0.43,
747.0,916.0,614.0,58.0,10.0,1.0,0.585,
747.0,916.0,614.0,58.0,11.0,1.0,0.625,
757.0,759.0,617.0,58.0,0.0,1.0,0.755,
757.0,759.0,617.0,58.0,1.0,1.0,0.76,
757.0,759.0,617.0,58.0,2.0,0.0,0.035,
757.0,759.0,617.0,58.0,3.0,1.0,0.975,
757.0,759.0,617.0,58.0,4.0,1.0,0.845,
757.0,759.0,617.0,58.0,5.0,1.0,0.995,
757.0,759.0,617.0,58.0,6.0,1.0,0.52,
757.0,759.0,617.0,58.0,7.0,1.0,0.72,
757.0,759.0,617.0,58.0,8.0,1.0,0.665,
757.0,759.0,617.0,58.0,9.0,1.0,0.91,
757.0,759.0,617.0,58.0,10.0,1.0,0.875,
757.0,759.0,617.0,58.0,11.0,1.0,0.825,
747.0,1029.0,620.0,39.0,0.0,0.0,0.125,
747.0,1029.0,620.0,39.0,1.0,0.0,0.11,
747.0,1029.0,620.0,39.0,2.0,0.0,0.495,
747.0,1029.0,620.0,39.0,3.0,0.0,0.015,
747.0,1029.0,620.0,39.0,4.0,0.0,0.0,
747.0,1029.0,620.0,39.0,5.0,0.0,0.245,
747.0,1029.0,620.0,39.0,6.0,0.0,0.005,
747.0,1029.0,620.0,39.0,7.0,1.0,0.93,
747.0,1029.0,620.0,39.0,8.0,0.0,0.47,
747.0,1029.0,620.0,39.0,9.0,0.0,0.485,
747.0,1029.0,620.0,39.0,10.0,0.0,0.095,
747.0,1029.0,620.0,39.0,11.0,0.0,0.405,
742.0,1593.0,624.0,30.0,1.0,1.0,0.985,
742.0,1593.0,624.0,30.0,2.0,0.0,0.245,
742.0,1593.0,624.0,30.0,3.0,1.0,0.85,
742.0,1593.0,624.0,30.0,6.0,1.0,0.605,
742.0,1593.0,624.0,30.0,7.0,0.0,0.33,
742.0,1593.0,624.0,30.0,8.0,1.0,0.82,
742.0,1593.0,624.0,30.0,9.0,1.0,0.83,
749.0,1310.0,628.0,39.0,0.0,1.0,0.515,
749.0,1310.0,628.0,39.0,1.0,0.0,0.115,
749.0,1310.0,628.0,39.0,2.0,1.0,0.835,
749.0,1310.0,628.0,39.0,3.0,1.0,0.755,
749.0,1310.0,628.0,39.0,4.0,0.0,0.39,
749.0,1310.0,628.0,39.0,5.0,0.0,0.005,
749.0,1310.0,628.0,39.0,6.0,0.0,0.18,
749.0,1310.0,628.0,39.0,7.0,0.0,0.41,
749.0,1310.0,628.0,39.0,8.0,0.0,0.225,
749.0,1310.0,628.0,39.0,9.0,1.0,0.96,
749.0,1310.0,628.0,39.0,10.0,1.0,0.86,
749.0,1310.0,628.0,39.0,11.0,1.0,0.82,
838.0,1352.0,682.0,63.0,0.0,0.0,0.09,
838.0,1352.0,682.0,63.0,1.0,1.0,1.0,
838.0,1352.0,682.0,63.0,2.0,1.0,0.705,
838.0,1352.0,682.0,63.0,3.0,0.0,0.41,
838.0,1352.0,682.0,63.0,4.0,1.0,0.825,
838.0,1352.0,682.0,63.0,5.0,1.0,0.955,
838.0,1352.0,682.0,63.0,6.0,1.0,0.935,
838.0,1352.0,682.0,63.0,7.0,0.0,0.39,
838.0,1352.0,682.0,63.0,8.0,0.0,0.48,
838.0,1352.0,682.0,63.0,9.0,1.0,0.88,
838.0,1352.0,682.0,63.0,10.0,0.0,0.095,
838.0,1352.0,682.0,63.0,11.0,1.0,0.735,
808.0,1507.0,687.0,23.0,0.0,1.0,0.92,
808.0,1507.0,687.0,23.0,1.0,1.0,0.97,
808.0,1507.0,687.0,23.0,2.0,1.0,0.96,
808.0,1507.0,687.0,23.0,3.0,1.0,0.975,
808.0,1507.0,687.0,23.0,4.0,1.0,0.8,
808.0,1507.0,687.0,23.0,5.0,1.0,0.98,
808.0,1507.0,687.0,23.0,6.0,1.0,0.995,
808.0,1507.0,687.0,23.0,7.0,1.0,0.65,
808.0,1507.0,687.0,23.0,8.0,1.0,0.96,
808.0,1507.0,687.0,23.0,9.0,1.0,0.985,
808.0,1507.0,687.0,23.0,10.0,1.0,0.99,
808.0,1507.0,687.0,23.0,11.0,1.0,0.96,
850.0,1046.0,705.0,53.0,0.0,1.0,0.73,
850.0,1046.0,705.0,53.0,1.0,1.0,0.955,
850.0,1046.0,705.0,53.0,2.0,1.0,0.71,
850.0,1046.0,705.0,53.0,3.0,1.0,0.93,
850.0,1046.0,705.0,53.0,4.0,1.0,0.65,
850.0,1046.0,705.0,53.0,5.0,1.0,0.93,
850.0,1046.0,705.0,53.0,6.0,1.0,0.91,
850.0,1046.0,705.0,53.0,7.0,1.0,0.98,
850.0,1046.0,705.0,53.0,8.0,0.0,0.255,
850.0,1046.0,705.0,53.0,9.0,0.0,0.05,
850.0,1046.0,705.0,53.0,10.0,0.0,0.48,
850.0,1046.0,705.0,53.0,11.0,0.0,0.21,
847.0,519.0,717.0,29.0,0.0,1.0,0.76,
847.0,519.0,717.0,29.0,1.0,0.0,0.15,
847.0,519.0,717.0,29.0,2.0,1.0,0.775,
847.0,519.0,717.0,29.0,3.0,1.0,0.505,
847.0,519.0,717.0,29.0,4.0,0.0,0.465,
847.0,519.0,717.0,29.0,5.0,1.0,0.68,
847.0,519.0,717.0,29.0,6.0,0.0,0.17,
847.0,519.0,717.0,29.0,7.0,1.0,0.775,
847.0,519.0,717.0,29.0,8.0,1.0,0.91,
847.0,519.0,717.0,29.0,9.0,1.0,0.675,
847.0,519.0,717.0,29.0,10.0,1.0,0.555,
847.0,519.0,717.0,29.0,11.0,1.0,0.53,
857.0,763.0,719.0,58.0,0.0,0.0,0.13,
857.0,763.0,719.0,58.0,1.0,0.0,0.03,
857.0,763.0,719.0,58.0,2.0,1.0,0.885,
857.0,763.0,719.0,58.0,3.0,0.0,0.145,
857.0,763.0,719.0,58.0,4.0,1.0,0.96,
857.0,763.0,719.0,58.0,5.0,0.0,0.075,
857.0,763.0,719.0,58.0,6.0,1.0,0.925,
857.0,763.0,719.0,58.0,7.0,1.0,0.55,
857.0,763.0,719.0,58.0,8.0,1.0,0.99,
857.0,763.0,719.0,58.0,9.0,1.0,0.985,
857.0,763.0,719.0,58.0,10.0,1.0,0.85,
857.0,763.0,719.0,58.0,11.0,1.0,0.94,
860.0,960.0,721.0,42.0,0.0,0.0,0.11,
860.0,960.0,721.0,42.0,1.0,1.0,0.97,
860.0,960.0,721.0,42.0,2.0,1.0,0.995,
860.0,960.0,721.0,42.0,3.0,0.0,0.12,
860.0,960.0,721.0,42.0,4.0,1.0,0.965,
860.0,960.0,721.0,42.0,5.0,1.0,0.95,
860.0,960.0,721.0,42.0,6.0,1.0,0.865,
860.0,960.0,721.0,42.0,7.0,1.0,0.96,
860.0,960.0,721.0,42.0,8.0,1.0,0.625,
860.0,960.0,721.0,42.0,9.0,0.0,0.115,
860.0,960.0,721.0,42.0,10.0,0.0,0.03,
860.0,960.0,721.0,42.0,11.0,0.0,0.25,
870.0,295.0,724.0,43.0,0.0,1.0,1.0,
870.0,295.0,724.0,43.0,1.0,1.0,0.99,
870.0,295.0,724.0,43.0,2.0,1.0,1.0,
870.0,295.0,724.0,43.0,3.0,0.0,0.455,
870.0,295.0,724.0,43.0,4.0,1.0,0.965,
870.0,295.0,724.0,43.0,5.0,1.0,0.865,
870.0,295.0,724.0,43.0,6.0,1.0,0.99,
870.0,295.0,724.0,43.0,7.0,1.0,1.0,
870.0,295.0,724.0,43.0,8.0,1.0,0.92,
870.0,295.0,724.0,43.0,9.0,0.0,0.49,
870.0,295.0,724.0,43.0,10.0,1.0,0.54,
870.0,295.0,724.0,43.0,11.0,1.0,1.0,
905.0,1559.0,754.0,43.0,1.0,0.0,0.185,
905.0,1559.0,754.0,43.0,2.0,0.0,0.47,
905.0,1559.0,754.0,43.0,3.0,1.0,0.58,
905.0,1559.0,754.0,43.0,4.0,0.0,0.005,
905.0,1559.0,754.0,43.0,5.0,0.0,0.025,
905.0,1559.0,754.0,43.0,6.0,1.0,0.895,
905.0,1559.0,754.0,43.0,7.0,0.0,0.005,
905.0,1559.0,754.0,43.0,8.0,0.0,0.035,
905.0,1559.0,754.0,43.0,9.0,1.0,0.865,
905.0,1559.0,754.0,43.0,10.0,1.0,0.945,
905.0,1559.0,754.0,43.0,11.0,1.0,0.785,
906.0,682.0,758.0,30.0,0.0,1.0,1.0,
906.0,682.0,758.0,30.0,1.0,1.0,0.81,
906.0,682.0,758.0,30.0,2.0,1.0,1.0,
906.0,682.0,758.0,30.0,3.0,1.0,0.935,
906.0,682.0,758.0,30.0,4.0,1.0,0.965,
906.0,682.0,758.0,30.0,5.0,1.0,0.95,
906.0,682.0,758.0,30.0,6.0,1.0,0.62,
906.0,682.0,758.0,30.0,7.0,1.0,0.995,
906.0,682.0,758.0,30.0,8.0,1.0,0.995,
906.0,682.0,758.0,30.0,9.0,1.0,0.995,
906.0,682.0,758.0,30.0,10.0,1.0,1.0,
906.0,682.0,758.0,30.0,11.0,1.0,0.995,
931.0,615.0,766.0,43.0,0.0,1.0,0.79,
931.0,615.0,766.0,43.0,1.0,1.0,0.885,
931.0,615.0,766.0,43.0,2.0,1.0,0.975,
931.0,615.0,766.0,43.0,3.0,1.0,1.0,
931.0,615.0,766.0,43.0,4.0,1.0,0.9,
931.0,615.0,766.0,43.0,5.0,1.0,0.85,
931.0,615.0,766.0,43.0,6.0,1.0,0.93,
931.0,615.0,766.0,43.0,7.0,1.0,1.0,
931.0,615.0,766.0,43.0,8.0,1.0,1.0,
931.0,615.0,766.0,43.0,9.0,1.0,1.0,
931.0,615.0,766.0,43.0,10.0,1.0,1.0,
931.0,615.0,766.0,43.0,11.0,1.0,0.61,
940.0,57.0,773.0,44.0,0.0,0.0,0.2,
940.0,57.0,773.0,44.0,1.0,1.0,0.695,
940.0,57.0,773.0,44.0,2.0,0.0,0.13,
940.0,57.0,773.0,44.0,3.0,0.0,0.465,
940.0,57.0,773.0,44.0,4.0,0.0,0.185,
940.0,57.0,773.0,44.0,5.0,0.0,0.085,
940.0,57.0,773.0,44.0,6.0,0.0,0.245,
940.0,57.0,773.0,44.0,7.0,0.0,0.125,
940.0,57.0,773.0,44.0,8.0,1.0,0.92,
940.0,57.0,773.0,44.0,9.0,0.0,0.095,
940.0,57.0,773.0,44.0,10.0,1.0,0.625,
940.0,57.0,773.0,44.0,11.0,0.0,0.025,
938.0,123.0,774.0,42.0,0.0,1.0,0.99,
938.0,123.0,774.0,42.0,1.0,1.0,0.86,
938.0,123.0,774.0,42.0,2.0,1.0,0.97,
938.0,123.0,774.0,42.0,3.0,1.0,0.74,
938.0,123.0,774.0,42.0,4.0,1.0,0.67,
938.0,123.0,774.0,42.0,5.0,1.0,0.775,
938.0,123.0,774.0,42.0,6.0,1.0,0.51,
938.0,123.0,774.0,42.0,7.0,1.0,0.85,
938.0,123.0,774.0,42.0,8.0,0.0,0.5,
938.0,123.0,774.0,42.0,9.0,1.0,0.7,
938.0,123.0,774.0,42.0,10.0,1.0,0.745,
938.0,123.0,774.0,42.0,11.0,1.0,0.865,
958.0,1445.0,777.0,62.0,0.0,1.0,0.985,
958.0,1445.0,777.0,62.0,1.0,1.0,0.795,
958.0,1445.0,777.0,62.0,2.0,1.0,0.925,
958.0,1445.0,777.0,62.0,3.0,1.0,0.975,
958.0,1445.0,777.0,62.0,4.0,1.0,0.96,
958.0,1445.0,777.0,62.0,5.0,1.0,0.95,
958.0,1445.0,777.0,62.0,6.0,1.0,0.86,
958.0,1445.0,777.0,62.0,7.0,1.0,0.98,
958.0,1445.0,777.0,62.0,8.0,1.0,0.845,
958.0,1445.0,777.0,62.0,9.0,1.0,0.96,
958.0,1445.0,777.0,62.0,10.0,1.0,0.84,
958.0,1445.0,777.0,62.0,11.0,1.0,0.975,
928.0,441.0,784.0,20.0,0.0,1.0,1.0,
928.0,441.0,784.0,20.0,1.0,1.0,1.0,
928.0,441.0,784.0,20.0,2.0,1.0,0.995,
928.0,441.0,784.0,20.0,3.0,1.0,0.76,
928.0,441.0,784.0,20.0,4.0,1.0,1.0,
928.0,441.0,784.0,20.0,5.0,1.0,1.0,
928.0,441.0,784.0,20.0,6.0,1.0,0.985,
928.0,441.0,784.0,20.0,7.0,1.0,1.0,
928.0,441.0,784.0,20.0,8.0,1.0,0.89,
928.0,441.0,784.0,20.0,9.0,1.0,0.755,
928.0,441.0,784.0,20.0,10.0,0.0,0.185,
928.0,441.0,784.0,20.0,11.0,1.0,0.96,
950.0,221.0,794.0,30.0,0.0,0.0,0.2,
950.0,221.0,794.0,30.0,1.0,0.0,0.11,
950.0,221.0,794.0,30.0,2.0,0.0,0.025,
950.0,221.0,794.0,30.0,3.0,1.0,0.55,
950.0,221.0,794.0,30.0,4.0,0.0,0.09,
950.0,221.0,794.0,30.0,5.0,0.0,0.125,
950.0,221.0,794.0,30.0,6.0,1.0,0.935,
950.0,221.0,794.0,30.0,7.0,0.0,0.34,
950.0,221.0,794.0,30.0,8.0,0.0,0.41,
950.0,221.0,794.0,30.0,9.0,1.0,0.645,
950.0,221.0,794.0,30.0,10.0,0.0,0.125,
950.0,221.0,794.0,30.0,11.0,0.0,0.235,
952.0,1345.0,805.0,27.0,0.0,1.0,0.955,
952.0,1345.0,805.0,27.0,1.0,1.0,0.885,
952.0,1345.0,805.0,27.0,2.0,0.0,0.19,
952.0,1345.0,805.0,27.0,3.0,1.0,0.985,
952.0,1345.0,805.0,27.0,4.0,1.0,0.88,
952.0,1345.0,805.0,27.0,5.0,1.0,0.95,
952.0,1345.0,805.0,27.0,6.0,1.0,0.7,
952.0,1345.0,805.0,27.0,7.0,1.0,0.995,
952.0,1345.0,805.0,27.0,8.0,0.0,0.47,
952.0,1345.0,805.0,27.0,9.0,0.0,0.29,
952.0,1345.0,805.0,27.0,10.0,1.0,0.96,
952.0,1345.0,805.0,27.0,11.0,1.0,0.98,
976.0,268.0,824.0,32.0,0.0,0.0,0.34,
976.0,268.0,824.0,32.0,1.0,0.0,0.485,
976.0,268.0,824.0,32.0,2.0,0.0,0.005,
976.0,268.0,824.0,32.0,3.0,0.0,0.095,
976.0,268.0,824.0,32.0,4.0,1.0,0.755,
976.0,268.0,824.0,32.0,5.0,0.0,0.25,
976.0,268.0,824.0,32.0,6.0,0.0,0.27,
976.0,268.0,824.0,32.0,7.0,0.0,0.31,
976.0,268.0,824.0,32.0,8.0,0.0,0.09,
976.0,268.0,824.0,32.0,9.0,0.0,0.285,
976.0,268.0,824.0,32.0,10.0,0.0,0.0,
976.0,268.0,824.0,32.0,11.0,1.0,0.75,
970.0,835.0,825.0,31.0,0.0,1.0,0.935,
970.0,835.0,825.0,31.0,1.0,1.0,0.54,
970.0,835.0,825.0,31.0,2.0,1.0,0.99,
970.0,835.0,825.0,31.0,3.0,1.0,0.94,
970.0,835.0,825.0,31.0,4.0,0.0,0.055,
970.0,835.0,825.0,31.0,5.0,0.0,0.01,
970.0,835.0,825.0,31.0,6.0,0.0,0.325,
970.0,835.0,825.0,31.0,7.0,1.0,0.74,
970.0,835.0,825.0,31.0,8.0,1.0,0.78,
970.0,835.0,825.0,31.0,9.0,1.0,0.845,
970.0,835.0,825.0,31.0,10.0,1.0,0.995,
970.0,835.0,825.0,31.0,11.0,1.0,0.99,
973.0,704.0,827.0,25.0,0.0,1.0,0.525,
973.0,704.0,827.0,25.0,1.0,0.0,0.415,
973.0,704.0,827.0,25.0,2.0,1.0,0.995,
973.0,704.0,827.0,25.0,3.0,1.0,0.945,
973.0,704.0,827.0,25.0,4.0,1.0,0.895,
973.0,704.0,827.0,25.0,5.0,1.0,0.875,
973.0,704.0,827.0,25.0,6.0,0.0,0.4,
973.0,704.0,827.0,25.0,7.0,1.0,0.91,
973.0,704.0,827.0,25.0,8.0,1.0,0.875,
973.0,704.0,827.0,25.0,9.0,1.0,0.92,
973.0,704.0,827.0,25.0,10.0,1.0,1.0,
973.0,704.0,827.0,25.0,11.0,1.0,0.885,
980.0,505.0,834.0,23.0,0.0,1.0,0.995,
980.0,505.0,834.0,23.0,1.0,1.0,1.0,
980.0,505.0,834.0,23.0,2.0,1.0,0.88,
980.0,505.0,834.0,23.0,3.0,1.0,0.975,
980.0,505.0,834.0,23.0,4.0,1.0,0.965,
980.0,505.0,834.0,23.0,5.0,1.0,0.995,
980.0,505.0,834.0,23.0,6.0,1.0,1.0,
980.0,505.0,834.0,23.0,7.0,1.0,0.89,
980.0,505.0,834.0,23.0,8.0,1.0,0.96,
980.0,505.0,834.0,23.0,9.0,1.0,0.95,
980.0,505.0,834.0,23.0,10.0,1.0,0.985,
980.0,505.0,834.0,23.0,11.0,1.0,0.995,
981.0,1117.0,837.0,21.0,0.0,1.0,1.0,
981.0,1117.0,837.0,21.0,1.0,1.0,0.995,
981.0,1117.0,837.0,21.0,2.0,1.0,0.86,
981.0,1117.0,837.0,21.0,3.0,1.0,0.855,
981.0,1117.0,837.0,21.0,4.0,1.0,1.0,
981.0,1117.0,837.0,21.0,5.0,1.0,0.96,
981.0,1117.0,837.0,21.0,6.0,1.0,1.0,
981.0,1117.0,837.0,21.0,7.0,1.0,0.74,
981.0,1117.0,837.0,21.0,8.0,1.0,0.95,
981.0,1117.0,837.0,21.0,9.0,1.0,0.825,
981.0,1117.0,837.0,21.0,10.0,1.0,0.755,
981.0,1117.0,837.0,21.0,11.0,1.0,0.91,
997.0,407.0,849.0,21.0,0.0,1.0,0.97,
997.0,407.0,849.0,21.0,1.0,1.0,0.95,
997.0,407.0,849.0,21.0,2.0,1.0,0.69,
997.0,407.0,849.0,21.0,3.0,1.0,0.525,
997.0,407.0,849.0,21.0,4.0,1.0,0.98,
997.0,407.0,849.0,21.0,5.0,1.0,0.94,
997.0,407.0,849.0,21.0,6.0,1.0,0.97,
997.0,407.0,849.0,21.0,7.0,1.0,0.98,
997.0,407.0,849.0,21.0,8.0,1.0,0.73,
997.0,407.0,849.0,21.0,9.0,1.0,0.66,
997.0,407.0,849.0,21.0,10.0,1.0,0.675,
997.0,407.0,849.0,21.0,11.0,1.0,0.985,
1020.0,630.0,854.0,58.0,0.0,0.0,0.15,
1020.0,630.0,854.0,58.0,1.0,0.0,0.03,
1020.0,630.0,854.0,58.0,2.0,1.0,0.55,
1020.0,630.0,854.0,58.0,3.0,0.0,0.31,
1020.0,630.0,854.0,58.0,4.0,0.0,0.025,
1020.0,630.0,854.0,58.0,5.0,0.0,0.25,
1020.0,630.0,854.0,58.0,6.0,0.0,0.33,
1020.0,630.0,854.0,58.0,7.0,1.0,0.91,
1020.0,630.0,854.0,58.0,8.0,0.0,0.32,
1020.0,630.0,854.0,58.0,9.0,0.0,0.035,
1020.0,630.0,854.0,58.0,10.0,0.0,0.445,
1020.0,630.0,854.0,58.0,11.0,0.0,0.05,
1025.0,875.0,857.0,41.0,0.0,1.0,0.895,
1025.0,875.0,857.0,41.0,1.0,1.0,0.62,
1025.0,875.0,857.0,41.0,2.0,0.0,0.17,
1025.0,875.0,857.0,41.0,3.0,0.0,0.28,
1025.0,875.0,857.0,41.0,4.0,1.0,0.815,
1025.0,875.0,857.0,41.0,5.0,1.0,0.835,
1025.0,875.0,857.0,41.0,6.0,1.0,0.845,
1025.0,875.0,857.0,41.0,7.0,0.0,0.035,
1025.0,875.0,857.0,41.0,8.0,0.0,0.295,
1025.0,875.0,857.0,41.0,9.0,0.0,0.385,
1025.0,875.0,857.0,41.0,10.0,1.0,0.63,
1025.0,875.0,857.0,41.0,11.0,1.0,1.0,
1109.0,125.0,864.0,133.0,0.0,1.0,0.94,
1109.0,125.0,864.0,133.0,3.0,1.0,0.925,
1109.0,125.0,864.0,133.0,4.0,0.0,0.35,
1109.0,125.0,864.0,133.0,7.0,1.0,0.995,
1109.0,125.0,864.0,133.0,8.0,1.0,0.965,
1109.0,125.0,864.0,133.0,9.0,1.0,0.56,
1109.0,125.0,864.0,133.0,10.0,1.0,0.845,
1109.0,125.0,864.0,133.0,11.0,1.0,0.9,
1018.0,753.0,873.0,39.0,0.0,1.0,0.755,
1018.0,753.0,873.0,39.0,1.0,0.0,0.025,
1018.0,753.0,873.0,39.0,2.0,0.0,0.075,
1018.0,753.0,873.0,39.0,3.0,1.0,0.615,
1018.0,753.0,873.0,39.0,4.0,1.0,0.7,
1018.0,753.0,873.0,39.0,5.0,0.0,0.07,
1018.0,753.0,873.0,39.0,6.0,0.0,0.1,
1018.0,753.0,873.0,39.0,7.0,0.0,0.135,
1018.0,753.0,873.0,39.0,8.0,0.0,0.095,
1018.0,753.0,873.0,39.0,9.0,1.0,0.54,
1018.0,753.0,873.0,39.0,10.0,1.0,0.79,
1018.0,753.0,873.0,39.0,11.0,1.0,0.905,
1040.0,1308.0,874.0,46.0,0.0,1.0,0.76,
1040.0,1308.0,874.0,46.0,1.0,1.0,0.965,
1040.0,1308.0,874.0,46.0,2.0,1.0,0.98,
1040.0,1308.0,874.0,46.0,3.0,1.0,0.975,
1040.0,1308.0,874.0,46.0,4.0,1.0,0.61,
1040.0,1308.0,874.0,46.0,5.0,1.0,0.81,
1040.0,1308.0,874.0,46.0,6.0,0.0,0.37,
1040.0,1308.0,874.0,46.0,7.0,1.0,0.985,
1040.0,1308.0,874.0,46.0,8.0,1.0,0.995,
1040.0,1308.0,874.0,46.0,9.0,1.0,0.95,
1040.0,1308.0,874.0,46.0,10.0,1.0,0.875,
1040.0,1308.0,874.0,46.0,11.0,0.0,0.49,
1033.0,949.0,878.0,35.0,0.0,1.0,0.77,
1033.0,949.0,878.0,35.0,1.0,1.0,0.68,
1033.0,949.0,878.0,35.0,2.0,1.0,0.985,
1033.0,949.0,878.0,35.0,3.0,1.0,0.965,
1033.0,949.0,878.0,35.0,4.0,1.0,0.795,
1033.0,949.0,878.0,35.0,5.0,1.0,1.0,
1033.0,949.0,878.0,35.0,6.0,1.0,0.675,
1033.0,949.0,878.0,35.0,7.0,1.0,1.0,
1033.0,949.0,878.0,35.0,8.0,1.0,1.0,
1033.0,949.0,878.0,35.0,9.0,1.0,0.995,
1033.0,949.0,878.0,35.0,10.0,1.0,0.92,
1033.0,949.0,878.0,35.0,11.0,1.0,0.935,
1035.0,1031.0,880.0,38.0,0.0,1.0,0.95,
1035.0,1031.0,880.0,38.0,1.0,1.0,0.93,
1035.0,1031.0,880.0,38.0,2.0,1.0,1.0,
1035.0,1031.0,880.0,38.0,3.0,1.0,0.985,
1035.0,1031.0,880.0,38.0,4.0,1.0,1.0,
1035.0,1031.0,880.0,38.0,5.0,1.0,1.0,
1035.0,1031.0,880.0,38.0,6.0,1.0,0.95,
1035.0,1031.0,880.0,38.0,7.0,1.0,1.0,
1035.0,1031.0,880.0,38.0,8.0,1.0,1.0,
1035.0,1031.0,880.0,38.0,9.0,1.0,0.985,
1035.0,1031.0,880.0,38.0,10.0,1.0,0.97,
1035.0,1031.0,880.0,38.0,11.0,1.0,1.0,
1051.0,1558.0,908.0,20.0,0.0,1.0,0.52,
1051.0,1558.0,908.0,20.0,1.0,0.0,0.025,
1051.0,1558.0,908.0,20.0,2.0,0.0,0.31,
1051.0,1558.0,908.0,20.0,3.0,0.0,0.39,
1051.0,1558.0,908.0,20.0,4.0,1.0,0.785,
1051.0,1558.0,908.0,20.0,5.0,1.0,0.9,
1051.0,1558.0,908.0,20.0,6.0,0.0,0.095,
1051.0,1558.0,908.0,20.0,7.0,1.0,0.565,
1051.0,1558.0,908.0,20.0,8.0,0.0,0.12,
1051.0,1558.0,908.0,20.0,9.0,0.0,0.13,
1051.0,1558.0,908.0,20.0,10.0,0.0,0.01,
1051.0,1558.0,908.0,20.0,11.0,0.0,0.465,
1063.0,641.0,923.0,27.0,0.0,0.0,0.105,
1063.0,641.0,923.0,27.0,1.0,1.0,0.905,
1063.0,641.0,923.0,27.0,2.0,0.0,0.05,
1063.0,641.0,923.0,27.0,3.0,0.0,0.245,
1063.0,641.0,923.0,27.0,4.0,0.0,0.195,
1063.0,641.0,923.0,27.0,5.0,1.0,0.815,
1063.0,641.0,923.0,27.0,6.0,1.0,0.68,
1063.0,641.0,923.0,27.0,7.0,0.0,0.245,
1063.0,641.0,923.0,27.0,8.0,0.0,0.1,
1063.0,641.0,923.0,27.0,9.0,0.0,0.23,
1063.0,641.0,923.0,27.0,10.0,0.0,0.17,
1063.0,641.0,923.0,27.0,11.0,0.0,0.035,
1117.0,589.0,935.0,53.0,0.0,0.0,0.145,
1117.0,589.0,935.0,53.0,1.0,1.0,0.975,
1117.0,589.0,935.0,53.0,2.0,1.0,0.66,
1117.0,589.0,935.0,53.0,3.0,1.0,0.57,
1117.0,589.0,935.0,53.0,4.0,0.0,0.14,
1117.0,589.0,935.0,53.0,5.0,1.0,0.985,
1117.0,589.0,935.0,53.0,6.0,1.0,0.725,
1117.0,589.0,935.0,53.0,7.0,1.0,0.775,
1117.0,589.0,935.0,53.0,8.0,1.0,0.845,
1117.0,589.0,935.0,53.0,9.0,1.0,0.66,
1117.0,589.0,935.0,53.0,10.0,0.0,0.14,
1117.0,589.0,935.0,53.0,11.0,1.0,0.845,
1111.0,1128.0,936.0,48.0,0.0,1.0,0.73,
1111.0,1128.0,936.0,48.0,1.0,1.0,0.915,
1111.0,1128.0,936.0,48.0,2.0,0.0,0.08,
1111.0,1128.0,936.0,48.0,3.0,1.0,0.88,
1111.0,1128.0,936.0,48.0,4.0,1.0,0.73,
1111.0,1128.0,936.0,48.0,5.0,1.0,0.72,
1111.0,1128.0,936.0,48.0,6.0,1.0,0.745,
1111.0,1128.0,936.0,48.0,7.0,1.0,0.69,
1111.0,1128.0,936.0,48.0,8.0,1.0,0.895,
1111.0,1128.0,936.0,48.0,9.0,1.0,0.8,
1111.0,1128.0,936.0,48.0,10.0,1.0,0.945,
1111.0,1128.0,936.0,48.0,11.0,1.0,0.975,
1102.0,1231.0,940.0,36.0,0.0,1.0,0.94,
1102.0,1231.0,940.0,36.0,1.0,0.0,0.115,
1102.0,1231.0,940.0,36.0,2.0,0.0,0.375,
1102.0,1231.0,940.0,36.0,3.0,1.0,0.565,
1102.0,1231.0,940.0,36.0,4.0,1.0,0.665,
1102.0,1231.0,940.0,36.0,5.0,1.0,0.705,
1102.0,1231.0,940.0,36.0,6.0,1.0,0.74,
1102.0,1231.0,940.0,36.0,7.0,1.0,0.695,
1102.0,1231.0,940.0,36.0,8.0,0.0,0.185,
1102.0,1231.0,940.0,36.0,9.0,0.0,0.02,
1102.0,1231.0,940.0,36.0,10.0,0.0,0.37,
1102.0,1231.0,940.0,36.0,11.0,1.0,0.86,
1136.0,688.0,941.0,79.0,0.0,0.0,0.25,
1136.0,688.0,941.0,79.0,2.0,0.0,0.365,
1136.0,688.0,941.0,79.0,3.0,1.0,0.96,
1136.0,688.0,941.0,79.0,4.0,0.0,0.19,
1136.0,688.0,941.0,79.0,7.0,1.0,0.67,
1136.0,688.0,941.0,79.0,8.0,1.0,0.61,
1136.0,688.0,941.0,79.0,9.0,0.0,0.5,
1136.0,688.0,941.0,79.0,10.0,0.0,0.41,
1136.0,688.0,941.0,79.0,11.0,0.0,0.415,
1094.0,921.0,942.0,27.0,0.0,1.0,1.0,
1094.0,921.0,942.0,27.0,1.0,1.0,0.99,
1094.0,921.0,942.0,27.0,2.0,1.0,0.67,
1094.0,921.0,942.0,27.0,3.0,1.0,0.775,
1094.0,921.0,942.0,27.0,4.0,1.0,1.0,
1094.0,921.0,942.0,27.0,5.0,1.0,1.0,
1094.0,921.0,942.0,27.0,6.0,1.0,0.97,
1094.0,921.0,942.0,27.0,7.0,1.0,0.87,
1094.0,921.0,942.0,27.0,8.0,1.0,0.735,
1094.0,921.0,942.0,27.0,9.0,1.0,0.845,
1094.0,921.0,942.0,27.0,10.0,1.0,0.74,
1094.0,921.0,942.0,27.0,11.0,1.0,0.915,
1082.0,1432.0,943.0,32.0,0.0,0.0,0.05,
1082.0,1432.0,943.0,32.0,1.0,1.0,0.91,
1082.0,1432.0,943.0,32.0,2.0,1.0,0.93,
1082.0,1432.0,943.0,32.0,3.0,0.0,0.28,
1082.0,1432.0,943.0,32.0,4.0,1.0,0.875,
1082.0,1432.0,943.0,32.0,5.0,1.0,0.975,
1082.0,1432.0,943.0,32.0,6.0,1.0,0.84,
1082.0,1432.0,943.0,32.0,7.0,0.0,0.29,
1082.0,1432.0,943.0,32.0,8.0,1.0,0.885,
1082.0,1432.0,943.0,32.0,9.0,0.0,0.045,
1082.0,1432.0,943.0,32.0,10.0,0.0,0.1,
1082.0,1432.0,943.0,32.0,11.0,0.0,0.365,
1105.0,1546.0,945.0,38.0,0.0,1.0,1.0,
1105.0,1546.0,945.0,38.0,1.0,1.0,0.935,
1105.0,1546.0,945.0,38.0,2.0,1.0,0.935,
1105.0,1546.0,945.0,38.0,3.0,1.0,0.98,
1105.0,1546.0,945.0,38.0,4.0,1.0,0.95,
1105.0,1546.0,945.0,38.0,5.0,1.0,0.855,
1105.0,1546.0,945.0,38.0,6.0,1.0,0.99,
1105.0,1546.0,945.0,38.0,7.0,1.0,1.0,
1105.0,1546.0,945.0,38.0,8.0,1.0,1.0,
1105.0,1546.0,945.0,38.0,9.0,1.0,0.96,
1105.0,1546.0,945.0,38.0,10.0,1.0,0.995,
1105.0,1546.0,945.0,38.0,11.0,1.0,1.0,
1101.0,619.0,952.0,20.0,0.0,0.0,0.005,
1101.0,619.0,952.0,20.0,1.0,0.0,0.02,
1101.0,619.0,952.0,20.0,2.0,0.0,0.12,
1101.0,619.0,952.0,20.0,3.0,0.0,0.04,
1101.0,619.0,952.0,20.0,4.0,0.0,0.005,
1101.0,619.0,952.0,20.0,5.0,0.0,0.41,
1101.0,619.0,952.0,20.0,6.0,0.0,0.035,
1101.0,619.0,952.0,20.0,7.0,0.0,0.495,
1101.0,619.0,952.0,20.0,8.0,0.0,0.1,
1101.0,619.0,952.0,20.0,9.0,0.0,0.285,
1101.0,619.0,952.0,20.0,10.0,0.0,0.08,
1101.0,619.0,952.0,20.0,11.0,0.0,0.145,
1143.0,854.0,953.0,88.0,0.0,1.0,0.775,
1143.0,854.0,953.0,88.0,2.0,1.0,0.865,
1143.0,854.0,953.0,88.0,3.0,0.0,0.055,
1143.0,854.0,953.0,88.0,4.0,1.0,0.695,
1143.0,854.0,953.0,88.0,7.0,0.0,0.38,
1143.0,854.0,953.0,88.0,8.0,1.0,0.72,
1143.0,854.0,953.0,88.0,9.0,1.0,0.8,
1143.0,854.0,953.0,88.0,10.0,0.0,0.05,
1143.0,854.0,953.0,88.0,11.0,0.0,0.135,
1152.0,1364.0,960.0,86.0,0.0,1.0,0.605,
1152.0,1364.0,960.0,86.0,2.0,1.0,0.955,
1152.0,1364.0,960.0,86.0,3.0,0.0,0.225,
1152.0,1364.0,960.0,86.0,8.0,0.0,0.485,
1152.0,1364.0,960.0,86.0,9.0,1.0,0.94,
1152.0,1364.0,960.0,86.0,10.0,0.0,0.09,
1152.0,1364.0,960.0,86.0,11.0,0.0,0.045,
1144.0,737.0,989.0,21.0,0.0,1.0,0.615,
1144.0,737.0,989.0,21.0,1.0,0.0,0.16,
1144.0,737.0,989.0,21.0,2.0,0.0,0.045,
1144.0,737.0,989.0,21.0,3.0,0.0,0.33,
1144.0,737.0,989.0,21.0,4.0,1.0,0.845,
1144.0,737.0,989.0,21.0,5.0,0.0,0.16,
1144.0,737.0,989.0,21.0,6.0,0.0,0.335,
1144.0,737.0,989.0,21.0,7.0,0.0,0.055,
1144.0,737.0,989.0,21.0,8.0,0.0,0.075,
1144.0,737.0,989.0,21.0,9.0,0.0,0.155,
1144.0,737.0,989.0,21.0,10.0,1.0,0.515,
1144.0,737.0,989.0,21.0,11.0,0.0,0.225,
1158.0,231.0,992.0,33.0,0.0,1.0,0.875,
1158.0,231.0,992.0,33.0,2.0,0.0,0.135,
1158.0,231.0,992.0,33.0,3.0,1.0,0.635,
1158.0,231.0,992.0,33.0,4.0,0.0,0.195,
1158.0,231.0,992.0,33.0,5.0,0.0,0.135,
1158.0,231.0,992.0,33.0,6.0,0.0,0.065,
1158.0,231.0,992.0,33.0,7.0,0.0,0.125,
1158.0,231.0,992.0,33.0,8.0,0.0,0.3,
1158.0,231.0,992.0,33.0,9.0,0.0,0.05,
1158.0,231.0,992.0,33.0,10.0,1.0,0.965,
1158.0,231.0,992.0,33.0,11.0,1.0,0.745,
1152.0,976.0,994.0,21.0,0.0,1.0,0.815,
1152.0,976.0,994.0,21.0,1.0,1.0,0.985,
1152.0,976.0,994.0,21.0,2.0,1.0,0.95,
1152.0,976.0,994.0,21.0,3.0,1.0,0.96,
1152.0,976.0,994.0,21.0,4.0,1.0,0.855,
1152.0,976.0,994.0,21.0,5.0,1.0,0.835,
1152.0,976.0,994.0,21.0,6.0,1.0,0.99,
1152.0,976.0,994.0,21.0,7.0,1.0,0.86,
1152.0,976.0,994.0,21.0,8.0,1.0,0.885,
1152.0,976.0,994.0,21.0,9.0,1.0,0.895,
1152.0,976.0,994.0,21.0,10.0,1.0,0.955,
1152.0,976.0,994.0,21.0,11.0,1.0,0.94,
1176.0,183.0,1014.0,24.0,0.0,0.0,0.48,
1176.0,183.0,1014.0,24.0,2.0,0.0,0.24,
1176.0,183.0,1014.0,24.0,3.0,1.0,0.54,
1176.0,183.0,1014.0,24.0,4.0,1.0,0.635,
1176.0,183.0,1014.0,24.0,7.0,0.0,0.005,
1176.0,183.0,1014.0,24.0,8.0,0.0,0.15,
1176.0,183.0,1014.0,24.0,9.0,0.0,0.135,
1176.0,183.0,1014.0,24.0,10.0,0.0,0.28,
1176.0,183.0,1014.0,24.0,11.0,0.0,0.005,
1173.0,492.0,1019.0,22.0,0.0,1.0,0.98,
1173.0,492.0,1019.0,22.0,2.0,1.0,0.74,
1173.0,492.0,1019.0,22.0,3.0,1.0,0.8,
1173.0,492.0,1019.0,22.0,4.0,1.0,1.0,
1173.0,492.0,1019.0,22.0,7.0,1.0,0.92,
1173.0,492.0,1019.0,22.0,8.0,1.0,0.89,
1173.0,492.0,1019.0,22.0,9.0,1.0,0.885,
1173.0,492.0,1019.0,22.0,10.0,1.0,0.97,
1173.0,492.0,1019.0,22.0,11.0,1.0,0.92,
1173.0,1506.0,1025.0,22.0,0.0,0.0,0.03,
1173.0,1506.0,1025.0,22.0,2.0,0.0,0.0,
1173.0,1506.0,1025.0,22.0,3.0,1.0,0.95,
1173.0,1506.0,1025.0,22.0,4.0,1.0,0.75,
1173.0,1506.0,1025.0,22.0,7.0,0.0,0.16,
1173.0,1506.0,1025.0,22.0,8.0,1.0,0.79,
1173.0,1506.0,1025.0,22.0,9.0,1.0,0.995,
1173.0,1506.0,1025.0,22.0,10.0,0.0,0.23,
1173.0,1506.0,1025.0,22.0,11.0,0.0,0.08,
1187.0,840.0,1033.0,24.0,0.0,1.0,0.97,
1187.0,840.0,1033.0,24.0,2.0,1.0,0.66,
1187.0,840.0,1033.0,24.0,3.0,0.0,0.48,
1187.0,840.0,1033.0,24.0,8.0,1.0,0.81,
1187.0,840.0,1033.0,24.0,9.0,0.0,0.22,
1187.0,840.0,1033.0,24.0,10.0,1.0,0.84,
1187.0,840.0,1033.0,24.0,11.0,1.0,0.995,
1185.0,1280.0,1034.0,22.0,0.0,0.0,0.06,
1185.0,1280.0,1034.0,22.0,2.0,1.0,0.885,
1185.0,1280.0,1034.0,22.0,3.0,1.0,0.955,
1185.0,1280.0,1034.0,22.0,8.0,1.0,0.91,
1185.0,1280.0,1034.0,22.0,9.0,1.0,0.975,
1185.0,1280.0,1034.0,22.0,10.0,1.0,0.745,
1185.0,1280.0,1034.0,22.0,11.0,0.0,0.03,
