31.0,51.0,0.0,52.0,0.0,1.0,0.95,
31.0,51.0,0.0,52.0,1.0,1.0,0.98,
31.0,51.0,0.0,52.0,4.0,1.0,0.875,
31.0,51.0,0.0,52.0,5.0,1.0,0.965,
31.0,51.0,0.0,52.0,6.0,1.0,0.995,
31.0,51.0,0.0,52.0,7.0,1.0,0.655,
31.0,51.0,0.0,52.0,8.0,1.0,0.9,
31.0,51.0,0.0,52.0,11.0,1.0,0.98,
7.0,420.0,2.0,54.0,0.0,1.0,0.97,
7.0,420.0,2.0,54.0,1.0,0.0,0.43,
7.0,420.0,2.0,54.0,2.0,0.0,0.255,
7.0,420.0,2.0,54.0,4.0,0.0,0.44,
7.0,420.0,2.0,54.0,5.0,1.0,0.53,
7.0,420.0,2.0,54.0,6.0,0.0,0.205,
7.0,420.0,2.0,54.0,7.0,0.0,0.21,
2.0,907.0,4.0,53.0,0.0,1.0,0.815,
2.0,907.0,4.0,53.0,1.0,0.0,0.14,
2.0,907.0,4.0,53.0,2.0,1.0,0.985,
2.0,907.0,4.0,53.0,4.0,0.0,0.0,
2.0,907.0,4.0,53.0,5.0,0.0,0.05,
2.0,907.0,4.0,53.0,6.0,0.0,0.015,
2.0,907.0,4.0,53.0,7.0,0.0,0.02,
33.0,1514.0,8.0,55.0,0.0,1.0,0.83,
33.0,1514.0,8.0,55.0,1.0,0.0,0.085,
33.0,1514.0,8.0,55.0,2.0,0.0,0.22,
33.0,1514.0,8.0,55.0,4.0,1.0,0.715,
33.0,1514.0,8.0,55.0,5.0,0.0,0.365,
33.0,1514.0,8.0,55.0,6.0,0.0,0.425,
33.0,1514.0,8.0,55.0,7.0,0.0,0.03,
33.0,1514.0,8.0,55.0,8.0,0.0,0.03,
33.0,1514.0,8.0,55.0,11.0,0.0,0.21,
19.0,1322.0,11.0,24.0,0.0,1.0,0.96,
19.0,1322.0,11.0,24.0,1.0,1.0,0.91,
19.0,1322.0,11.0,24.0,2.0,1.0,0.995,
19.0,1322.0,11.0,24.0,4.0,1.0,0.98,
19.0,1322.0,11.0,24.0,5.0,1.0,0.905,
19.0,1322.0,11.0,24.0,6.0,0.0,0.395,
19.0,1322.0,11.0,24.0,7.0,1.0,0.93,
19.0,1322.0,11.0,24.0,8.0,1.0,0.965,
19.0,1322.0,11.0,24.0,11.0,1.0,0.885,
53.0,859.0,30.0,23.0,0.0,1.0,0.94,
53.0,859.0,30.0,23.0,1.0,1.0,0.955,
53.0,859.0,30.0,23.0,2.0,1.0,0.99,
53.0,859.0,30.0,23.0,3.0,1.0,1.0,
53.0,859.0,30.0,23.0,4.0,1.0,0.88,
53.0,859.0,30.0,23.0,5.0,1.0,0.815,
53.0,859.0,30.0,23.0,6.0,1.0,1.0,
53.0,859.0,30.0,23.0,7.0,1.0,0.995,
53.0,859.0,30.0,23.0,8.0,1.0,0.755,
53.0,859.0,30.0,23.0,9.0,1.0,0.965,
53.0,859.0,30.0,23.0,10.0,1.0,0.985,
53.0,859.0,30.0,23.0,11.0,1.0,1.0,
63.0,1111.0,33.0,34.0,0.0,1.0,0.855,
63.0,1111.0,33.0,34.0,1.0,1.0,0.97,
63.0,1111.0,33.0,34.0,2.0,1.0,0.655,
63.0,1111.0,33.0,34.0,3.0,1.0,0.87,
63.0,1111.0,33.0,34.0,4.0,1.0,0.835,
63.0,1111.0,33.0,34.0,5.0,1.0,0.875,
63.0,1111.0,33.0,34.0,6.0,1.0,0.995,
63.0,1111.0,33.0,34.0,7.0,1.0,0.74,
63.0,1111.0,33.0,34.0,8.0,1.0,0.935,
63.0,1111.0,33.0,34.0,9.0,1.0,0.92,
63.0,1111.0,33.0,34.0,10.0,1.0,0.935,
63.0,1111.0,33.0,34.0,11.0,0.0,0.13,
83.0,329.0,49.0,36.0,0.0,1.0,1.0,
83.0,329.0,49.0,36.0,1.0,1.0,0.82,
83.0,329.0,49.0,36.0,2.0,1.0,0.985,
83.0,329.0,49.0,36.0,3.0,1.0,1.0,
83.0,329.0,49.0,36.0,4.0,1.0,0.99,
83.0,329.0,49.0,36.0,5.0,1.0,0.975,
83.0,329.0,49.0,36.0,6.0,1.0,0.955,
83.0,329.0,49.0,36.0,7.0,1.0,0.965,
83.0,329.0,49.0,36.0,8.0,1.0,0.99,
83.0,329.0,49.0,36.0,9.0,1.0,0.995,
83.0,329.0,49.0,36.0,10.0,1.0,1.0,
83.0,329.0,49.0,36.0,11.0,1.0,1.0,
68.0,464.0,50.0,20.0,0.0,1.0,1.0,
68.0,464.0,50.0,20.0,1.0,0.0,0.045,
68.0,464.0,50.0,20.0,2.0,1.0,0.915,
68.0,464.0,50.0,20.0,3.0,0.0,0.185,
68.0,464.0,50.0,20.0,4.0,0.0,0.065,
68.0,464.0,50.0,20.0,5.0,0.0,0.265,
68.0,464.0,50.0,20.0,6.0,0.0,0.08,
68.0,464.0,50.0,20.0,7.0,0.0,0.14,
68.0,464.0,50.0,20.0,8.0,1.0,0.505,
68.0,464.0,50.0,20.0,9.0,0.0,0.28,
68.0,464.0,50.0,20.0,10.0,0.0,0.24,
68.0,464.0,50.0,20.0,11.0,1.0,0.82,
94.0,1580.0,55.0,30.0,1.0,0.0,0.15,
94.0,1580.0,55.0,30.0,2.0,1.0,0.95,
94.0,1580.0,55.0,30.0,3.0,1.0,0.795,
94.0,1580.0,55.0,30.0,5.0,0.0,0.24,
94.0,1580.0,55.0,30.0,6.0,0.0,0.49,
94.0,1580.0,55.0,30.0,7.0,0.0,0.205,
94.0,1580.0,55.0,30.0,8.0,1.0,0.955,
94.0,1580.0,55.0,30.0,9.0,0.0,0.225,
94.0,1580.0,55.0,30.0,10.0,0.0,0.36,
106.0,566.0,66.0,26.0,0.0,1.0,0.985,
106.0,566.0,66.0,26.0,1.0,1.0,0.98,
106.0,566.0,66.0,26.0,2.0,1.0,0.885,
106.0,566.0,66.0,26.0,3.0,1.0,0.915,
106.0,566.0,66.0,26.0,4.0,1.0,0.935,
106.0,566.0,66.0,26.0,5.0,1.0,0.99,
106.0,566.0,66.0,26.0,6.0,1.0,0.97,
106.0,566.0,66.0,26.0,7.0,1.0,0.75,
106.0,566.0,66.0,26.0,8.0,1.0,1.0,
106.0,566.0,66.0,26.0,9.0,1.0,0.565,
106.0,566.0,66.0,26.0,10.0,1.0,0.98,
106.0,566.0,66.0,26.0,11.0,1.0,0.995,
148.0,757.0,69.0,102.0,0.0,1.0,0.815,
148.0,757.0,69.0,102.0,1.0,0.0,0.05,
148.0,757.0,69.0,102.0,2.0,1.0,0.855,
148.0,757.0,69.0,102.0,3.0,0.0,0.0,
148.0,757.0,69.0,102.0,4.0,0.0,0.07,
148.0,757.0,69.0,102.0,5.0,0.0,0.035,
148.0,757.0,69.0,102.0,6.0,0.0,0.0,
148.0,757.0,69.0,102.0,7.0,1.0,0.925,
148.0,757.0,69.0,102.0,8.0,0.0,0.425,
148.0,757.0,69.0,102.0,9.0,0.0,0.0,
148.0,757.0,69.0,102.0,10.0,0.0,0.025,
148.0,757.0,69.0,102.0,11.0,1.0,0.98,
133.0,1271.0,77.0,34.0,0.0,1.0,0.545,
133.0,1271.0,77.0,34.0,1.0,1.0,0.68,
133.0,1271.0,77.0,34.0,2.0,0.0,0.05,
133.0,1271.0,77.0,34.0,3.0,1.0,1.0,
133.0,1271.0,77.0,34.0,4.0,0.0,0.5,
133.0,1271.0,77.0,34.0,5.0,1.0,0.855,
133.0,1271.0,77.0,34.0,6.0,1.0,0.82,
133.0,1271.0,77.0,34.0,7.0,0.0,0.495,
133.0,1271.0,77.0,34.0,8.0,1.0,1.0,
133.0,1271.0,77.0,34.0,9.0,0.0,0.5,
133.0,1271.0,77.0,34.0,10.0,1.0,0.725,
133.0,1271.0,77.0,34.0,11.0,1.0,0.775,
154.0,468.0,78.0,60.0,0.0,1.0,0.99,
154.0,468.0,78.0,60.0,1.0,1.0,0.68,
154.0,468.0,78.0,60.0,2.0,1.0,0.995,
154.0,468.0,78.0,60.0,3.0,0.0,0.04,
154.0,468.0,78.0,60.0,4.0,1.0,0.985,
154.0,468.0,78.0,60.0,5.0,1.0,0.965,
154.0,468.0,78.0,60.0,6.0,1.0,0.685,
154.0,468.0,78.0,60.0,7.0,1.0,0.975,
154.0,468.0,78.0,60.0,8.0,1.0,0.58,
154.0,468.0,78.0,60.0,9.0,0.0,0.19,
154.0,468.0,78.0,60.0,10.0,0.0,0.095,
154.0,468.0,78.0,60.0,11.0,1.0,0.795,
141.0,1366.0,82.0,38.0,0.0,0.0,0.175,
141.0,1366.0,82.0,38.0,1.0,0.0,0.315,
141.0,1366.0,82.0,38.0,2.0,0.0,0.26,
141.0,1366.0,82.0,38.0,3.0,0.0,0.105,
141.0,1366.0,82.0,38.0,4.0,0.0,0.195,
141.0,1366.0,82.0,38.0,5.0,1.0,0.99,
141.0,1366.0,82.0,38.0,6.0,0.0,0.335,
141.0,1366.0,82.0,38.0,7.0,1.0,0.51,
141.0,1366.0,82.0,38.0,8.0,0.0,0.085,
141.0,1366.0,82.0,38.0,9.0,1.0,0.86,
141.0,1366.0,82.0,38.0,10.0,1.0,0.52,
141.0,1366.0,82.0,38.0,11.0,0.0,0.44,
149.0,972.0,84.0,35.0,0.0,1.0,1.0,
149.0,972.0,84.0,35.0,1.0,1.0,0.935,
149.0,972.0,84.0,35.0,2.0,0.0,0.0,
149.0,972.0,84.0,35.0,3.0,1.0,0.99,
149.0,972.0,84.0,35.0,4.0,1.0,0.96,
149.0,972.0,84.0,35.0,5.0,1.0,0.995,
149.0,972.0,84.0,35.0,6.0,1.0,0.785,
149.0,972.0,84.0,35.0,7.0,0.0,0.465,
149.0,972.0,84.0,35.0,8.0,1.0,1.0,
149.0,972.0,84.0,35.0,9.0,1.0,0.99,
149.0,972.0,84.0,35.0,10.0,1.0,0.54,
149.0,972.0,84.0,35.0,11.0,0.0,0.44,
128.0,147.0,86.0,21.0,0.0,1.0,0.685,
128.0,147.0,86.0,21.0,1.0,1.0,0.995,
128.0,147.0,86.0,21.0,2.0,1.0,0.89,
128.0,147.0,86.0,21.0,3.0,1.0,0.65,
128.0,147.0,86.0,21.0,4.0,1.0,0.85,
128.0,147.0,86.0,21.0,5.0,1.0,0.995,
128.0,147.0,86.0,21.0,6.0,1.0,0.9,
128.0,147.0,86.0,21.0,7.0,1.0,0.95,
128.0,147.0,86.0,21.0,8.0,1.0,0.525,
128.0,147.0,86.0,21.0,9.0,1.0,0.71,
128.0,147.0,86.0,21.0,10.0,0.0,0.0,
128.0,147.0,86.0,21.0,11.0,0.0,0.16,
163.0,46.0,89.0,41.0,0.0,1.0,0.945,
163.0,46.0,89.0,41.0,1.0,0.0,0.1,
163.0,46.0,89.0,41.0,2.0,0.0,0.425,
163.0,46.0,89.0,41.0,3.0,0.0,0.41,
163.0,46.0,89.0,41.0,4.0,1.0,0.53,
163.0,46.0,89.0,41.0,5.0,0.0,0.275,
163.0,46.0,89.0,41.0,6.0,0.0,0.115,
163.0,46.0,89.0,41.0,7.0,0.0,0.155,
163.0,46.0,89.0,41.0,8.0,0.0,0.165,
163.0,46.0,89.0,41.0,9.0,0.0,0.105,
163.0,46.0,89.0,41.0,10.0,0.0,0.12,
163.0,46.0,89.0,41.0,11.0,1.0,0.965,
168.0,1475.0,90.0,42.0,0.0,0.0,0.49,
168.0,1475.0,90.0,42.0,1.0,1.0,0.515,
168.0,1475.0,90.0,42.0,2.0,0.0,0.0,
168.0,1475.0,90.0,42.0,3.0,1.0,0.565,
168.0,1475.0,90.0,42.0,4.0,0.0,0.005,
168.0,1475.0,90.0,42.0,5.0,0.0,0.29,
168.0,1475.0,90.0,42.0,6.0,1.0,0.73,
168.0,1475.0,90.0,42.0,7.0,0.0,0.015,
168.0,1475.0,90.0,42.0,8.0,0.0,0.23,
168.0,1475.0,90.0,42.0,9.0,0.0,0.135,
168.0,1475.0,90.0,42.0,10.0,1.0,0.7,
168.0,1475.0,90.0,42.0,11.0,0.0,0.01,
149.0,596.0,93.0,21.0,0.0,0.0,0.24,
149.0,596.0,93.0,21.0,1.0,1.0,0.885,
149.0,596.0,93.0,21.0,2.0,0.0,0.32,
149.0,596.0,93.0,21.0,3.0,1.0,0.545,
149.0,596.0,93.0,21.0,4.0,1.0,0.99,
149.0,596.0,93.0,21.0,5.0,1.0,0.525,
149.0,596.0,93.0,21.0,6.0,1.0,0.98,
149.0,596.0,93.0,21.0,7.0,1.0,0.78,
149.0,596.0,93.0,21.0,8.0,0.0,0.305,
149.0,596.0,93.0,21.0,9.0,0.0,0.165,
149.0,596.0,93.0,21.0,10.0,1.0,0.96,
149.0,596.0,93.0,21.0,11.0,1.0,0.9,
241.0,421.0,100.0,112.0,0.0,1.0,1.0,
241.0,421.0,100.0,112.0,1.0,1.0,0.97,
241.0,421.0,100.0,112.0,2.0,1.0,0.995,
241.0,421.0,100.0,112.0,3.0,0.0,0.305,
241.0,421.0,100.0,112.0,4.0,1.0,0.955,
241.0,421.0,100.0,112.0,5.0,1.0,0.975,
241.0,421.0,100.0,112.0,6.0,1.0,0.955,
241.0,421.0,100.0,112.0,7.0,1.0,0.98,
241.0,421.0,100.0,112.0,8.0,1.0,1.0,
241.0,421.0,100.0,112.0,9.0,1.0,0.91,
241.0,421.0,100.0,112.0,10.0,1.0,0.54,
241.0,421.0,100.0,112.0,11.0,1.0,0.9,
177.0,117.0,104.0,32.0,0.0,0.0,0.09,
177.0,117.0,104.0,32.0,1.0,0.0,0.05,
177.0,117.0,104.0,32.0,2.0,1.0,0.97,
177.0,117.0,104.0,32.0,3.0,1.0,0.815,
177.0,117.0,104.0,32.0,4.0,0.0,0.02,
177.0,117.0,104.0,32.0,5.0,0.0,0.085,
177.0,117.0,104.0,32.0,6.0,0.0,0.025,
177.0,117.0,104.0,32.0,7.0,0.0,0.29,
177.0,117.0,104.0,32.0,8.0,1.0,0.965,
177.0,117.0,104.0,32.0,9.0,1.0,0.98,
177.0,117.0,104.0,32.0,10.0,0.0,0.19,
177.0,117.0,104.0,32.0,11.0,0.0,0.01,
180.0,872.0,112.0,20.0,0.0,1.0,0.635,
180.0,872.0,112.0,20.0,1.0,1.0,0.56,
180.0,872.0,112.0,20.0,2.0,1.0,0.96,
180.0,872.0,112.0,20.0,3.0,0.0,0.46,
180.0,872.0,112.0,20.0,4.0,1.0,0.765,
180.0,872.0,112.0,20.0,5.0,0.0,0.475,
180.0,872.0,112.0,20.0,6.0,1.0,0.52,
180.0,872.0,112.0,20.0,7.0,1.0,0.85,
180.0,872.0,112.0,20.0,8.0,0.0,0.0,
180.0,872.0,112.0,20.0,9.0,0.0,0.39,
180.0,872.0,112.0,20.0,10.0,0.0,0.01,
180.0,872.0,112.0,20.0,11.0,0.0,0.49,
219.0,1058.0,123.0,42.0,0.0,0.0,0.49,
219.0,1058.0,123.0,42.0,1.0,1.0,0.795,
219.0,1058.0,123.0,42.0,2.0,1.0,0.895,
219.0,1058.0,123.0,42.0,3.0,1.0,0.905,
219.0,1058.0,123.0,42.0,4.0,0.0,0.005,
219.0,1058.0,123.0,42.0,5.0,1.0,0.85,
219.0,1058.0,123.0,42.0,6.0,1.0,0.825,
219.0,1058.0,123.0,42.0,7.0,0.0,0.135,
219.0,1058.0,123.0,42.0,8.0,0.0,0.32,
219.0,1058.0,123.0,42.0,9.0,1.0,0.96,
219.0,1058.0,123.0,42.0,10.0,1.0,0.985,
219.0,1058.0,123.0,42.0,11.0,1.0,0.99,
237.0,717.0,133.0,42.0,0.0,0.0,0.35,
237.0,717.0,133.0,42.0,1.0,1.0,0.515,
237.0,717.0,133.0,42.0,2.0,1.0,0.995,
237.0,717.0,133.0,42.0,3.0,1.0,0.93,
237.0,717.0,133.0,42.0,4.0,0.0,0.085,
237.0,717.0,133.0,42.0,5.0,0.0,0.48,
237.0,717.0,133.0,42.0,6.0,1.0,0.545,
237.0,717.0,133.0,42.0,7.0,1.0,0.975,
237.0,717.0,133.0,42.0,8.0,1.0,0.93,
237.0,717.0,133.0,42.0,9.0,1.0,0.98,
237.0,717.0,133.0,42.0,10.0,1.0,0.96,
237.0,717.0,133.0,42.0,11.0,1.0,1.0,
268.0,603.0,136.0,68.0,0.0,1.0,0.975,
268.0,603.0,136.0,68.0,1.0,0.0,0.015,
268.0,603.0,136.0,68.0,2.0,1.0,0.81,
268.0,603.0,136.0,68.0,3.0,1.0,0.99,
268.0,603.0,136.0,68.0,4.0,1.0,0.985,
268.0,603.0,136.0,68.0,5.0,1.0,0.98,
268.0,603.0,136.0,68.0,6.0,1.0,0.95,
268.0,603.0,136.0,68.0,7.0,1.0,0.615,
268.0,603.0,136.0,68.0,8.0,1.0,0.98,
268.0,603.0,136.0,68.0,9.0,1.0,0.995,
268.0,603.0,136.0,68.0,10.0,1.0,0.945,
268.0,603.0,136.0,68.0,11.0,1.0,0.985,
232.0,513.0,143.0,20.0,0.0,1.0,0.975,
232.0,513.0,143.0,20.0,1.0,0.0,0.205,
232.0,513.0,143.0,20.0,2.0,0.0,0.025,
232.0,513.0,143.0,20.0,3.0,1.0,0.925,
232.0,513.0,143.0,20.0,4.0,1.0,0.875,
232.0,513.0,143.0,20.0,5.0,1.0,0.86,
232.0,513.0,143.0,20.0,6.0,0.0,0.015,
232.0,513.0,143.0,20.0,7.0,0.0,0.0,
232.0,513.0,143.0,20.0,8.0,0.0,0.0,
232.0,513.0,143.0,20.0,9.0,1.0,0.86,
232.0,513.0,143.0,20.0,10.0,1.0,0.875,
232.0,513.0,143.0,20.0,11.0,1.0,0.875,
250.0,810.0,145.0,66.0,0.0,0.0,0.42,
250.0,810.0,145.0,66.0,1.0,1.0,0.92,
250.0,810.0,145.0,66.0,2.0,1.0,0.89,
250.0,810.0,145.0,66.0,3.0,0.0,0.11,
250.0,810.0,145.0,66.0,4.0,0.0,0.0,
250.0,810.0,145.0,66.0,5.0,0.0,0.055,
250.0,810.0,145.0,66.0,6.0,1.0,0.945,
250.0,810.0,145.0,66.0,7.0,1.0,1.0,
250.0,810.0,145.0,66.0,8.0,1.0,0.995,
250.0,810.0,145.0,66.0,9.0,0.0,0.25,
250.0,810.0,145.0,66.0,10.0,0.0,0.39,
250.0,810.0,145.0,66.0,11.0,1.0,0.745,
242.0,22.0,147.0,31.0,0.0,1.0,0.54,
242.0,22.0,147.0,31.0,1.0,1.0,0.945,
242.0,22.0,147.0,31.0,3.0,0.0,0.22,
242.0,22.0,147.0,31.0,4.0,1.0,0.94,
242.0,22.0,147.0,31.0,5.0,1.0,0.855,
242.0,22.0,147.0,31.0,6.0,1.0,1.0,
242.0,22.0,147.0,31.0,9.0,1.0,0.51,
242.0,22.0,147.0,31.0,10.0,1.0,0.88,
242.0,22.0,147.0,31.0,11.0,0.0,0.23,
243.0,1403.0,152.0,26.0,0.0,0.0,0.005,
243.0,1403.0,152.0,26.0,1.0,0.0,0.085,
243.0,1403.0,152.0,26.0,2.0,0.0,0.115,
243.0,1403.0,152.0,26.0,3.0,1.0,1.0,
243.0,1403.0,152.0,26.0,4.0,0.0,0.075,
243.0,1403.0,152.0,26.0,5.0,0.0,0.01,
243.0,1403.0,152.0,26.0,6.0,0.0,0.005,
243.0,1403.0,152.0,26.0,7.0,1.0,0.845,
243.0,1403.0,152.0,26.0,8.0,0.0,0.34,
243.0,1403.0,152.0,26.0,9.0,0.0,0.015,
243.0,1403.0,152.0,26.0,10.0,0.0,0.35,
243.0,1403.0,152.0,26.0,11.0,0.0,0.005,
252.0,1487.0,153.0,36.0,0.0,0.0,0.19,
252.0,1487.0,153.0,36.0,1.0,1.0,0.86,
252.0,1487.0,153.0,36.0,2.0,0.0,0.385,
252.0,1487.0,153.0,36.0,3.0,1.0,0.96,
252.0,1487.0,153.0,36.0,4.0,0.0,0.295,
252.0,1487.0,153.0,36.0,5.0,0.0,0.01,
252.0,1487.0,153.0,36.0,6.0,1.0,0.845,
252.0,1487.0,153.0,36.0,7.0,0.0,0.36,
252.0,1487.0,153.0,36.0,8.0,0.0,0.355,
252.0,1487.0,153.0,36.0,9.0,1.0,0.56,
252.0,1487.0,153.0,36.0,10.0,0.0,0.45,
252.0,1487.0,153.0,36.0,11.0,1.0,0.955,
304.0,118.0,160.0,75.0,0.0,1.0,0.92,
304.0,118.0,160.0,75.0,1.0,1.0,0.815,
304.0,118.0,160.0,75.0,2.0,1.0,1.0,
304.0,118.0,160.0,75.0,3.0,1.0,0.985,
304.0,118.0,160.0,75.0,4.0,1.0,0.975,
304.0,118.0,160.0,75.0,5.0,1.0,1.0,
304.0,118.0,160.0,75.0,6.0,1.0,1.0,
304.0,118.0,160.0,75.0,7.0,1.0,0.905,
304.0,118.0,160.0,75.0,8.0,1.0,1.0,
304.0,118.0,160.0,75.0,9.0,1.0,0.995,
304.0,118.0,160.0,75.0,10.0,1.0,1.0,
304.0,118.0,160.0,75.0,11.0,0.0,0.4,
263.0,949.0,163.0,24.0,0.0,0.0,0.01,
263.0,949.0,163.0,24.0,1.0,1.0,0.85,
263.0,949.0,163.0,24.0,2.0,0.0,0.005,
263.0,949.0,163.0,24.0,3.0,1.0,0.565,
263.0,949.0,163.0,24.0,4.0,1.0,0.905,
263.0,949.0,163.0,24.0,5.0,0.0,0.26,
263.0,949.0,163.0,24.0,6.0,1.0,0.995,
263.0,949.0,163.0,24.0,7.0,1.0,0.985,
263.0,949.0,163.0,24.0,8.0,0.0,0.07,
263.0,949.0,163.0,24.0,9.0,0.0,0.095,
263.0,949.0,163.0,24.0,10.0,0.0,0.455,
263.0,949.0,163.0,24.0,11.0,1.0,0.91,
280.0,1174.0,169.0,33.0,0.0,1.0,0.825,
280.0,1174.0,169.0,33.0,1.0,1.0,0.725,
280.0,1174.0,169.0,33.0,2.0,1.0,0.98,
280.0,1174.0,169.0,33.0,3.0,0.0,0.25,
280.0,1174.0,169.0,33.0,4.0,1.0,0.735,
280.0,1174.0,169.0,33.0,5.0,1.0,0.825,
280.0,1174.0,169.0,33.0,6.0,0.0,0.465,
280.0,1174.0,169.0,33.0,7.0,0.0,0.32,
280.0,1174.0,169.0,33.0,8.0,1.0,0.975,
280.0,1174.0,169.0,33.0,9.0,0.0,0.21,
280.0,1174.0,169.0,33.0,10.0,1.0,0.8,
280.0,1174.0,169.0,33.0,11.0,1.0,0.55,
292.0,257.0,173.0,35.0,0.0,1.0,0.815,
292.0,257.0,173.0,35.0,1.0,1.0,0.925,
292.0,257.0,173.0,35.0,2.0,1.0,0.89,
292.0,257.0,173.0,35.0,3.0,1.0,0.79,
292.0,257.0,173.0,35.0,4.0,1.0,0.955,
292.0,257.0,173.0,35.0,5.0,1.0,0.985,
292.0,257.0,173.0,35.0,6.0,1.0,0.965,
292.0,257.0,173.0,35.0,7.0,1.0,0.965,
292.0,257.0,173.0,35.0,8.0,1.0,0.965,
292.0,257.0,173.0,35.0,9.0,1.0,0.955,
292.0,257.0,173.0,35.0,10.0,0.0,0.2,
292.0,257.0,173.0,35.0,11.0,1.0,0.915,
304.0,868.0,180.0,32.0,0.0,1.0,0.52,
304.0,868.0,180.0,32.0,1.0,1.0,0.59,
304.0,868.0,180.0,32.0,2.0,1.0,0.875,
304.0,868.0,180.0,32.0,3.0,1.0,0.995,
304.0,868.0,180.0,32.0,4.0,1.0,0.96,
304.0,868.0,180.0,32.0,5.0,1.0,0.885,
304.0,868.0,180.0,32.0,6.0,0.0,0.32,
304.0,868.0,180.0,32.0,7.0,0.0,0.435,
304.0,868.0,180.0,32.0,8.0,1.0,0.995,
304.0,868.0,180.0,32.0,9.0,1.0,0.98,
304.0,868.0,180.0,32.0,10.0,1.0,0.855,
304.0,868.0,180.0,32.0,11.0,1.0,0.79,
353.0,732.0,186.0,66.0,0.0,0.0,0.01,
353.0,732.0,186.0,66.0,1.0,0.0,0.08,
353.0,732.0,186.0,66.0,2.0,0.0,0.035,
353.0,732.0,186.0,66.0,3.0,1.0,0.97,
353.0,732.0,186.0,66.0,4.0,0.0,0.255,
353.0,732.0,186.0,66.0,5.0,0.0,0.03,
353.0,732.0,186.0,66.0,6.0,0.0,0.2,
353.0,732.0,186.0,66.0,7.0,0.0,0.005,
353.0,732.0,186.0,66.0,8.0,1.0,0.975,
353.0,732.0,186.0,66.0,9.0,1.0,0.92,
353.0,732.0,186.0,66.0,10.0,1.0,0.975,
353.0,732.0,186.0,66.0,11.0,0.0,0.17,
340.0,1260.0,193.0,42.0,0.0,1.0,0.92,
340.0,1260.0,193.0,42.0,1.0,1.0,0.87,
340.0,1260.0,193.0,42.0,2.0,0.0,0.47,
340.0,1260.0,193.0,42.0,3.0,0.0,0.01,
340.0,1260.0,193.0,42.0,4.0,0.0,0.065,
340.0,1260.0,193.0,42.0,5.0,1.0,0.815,
340.0,1260.0,193.0,42.0,6.0,0.0,0.335,
340.0,1260.0,193.0,42.0,7.0,1.0,0.69,
340.0,1260.0,193.0,42.0,8.0,0.0,0.465,
340.0,1260.0,193.0,42.0,9.0,0.0,0.35,
340.0,1260.0,193.0,42.0,10.0,0.0,0.12,
340.0,1260.0,193.0,42.0,11.0,0.0,0.2,
357.0,599.0,196.0,43.0,0.0,1.0,0.995,
357.0,599.0,196.0,43.0,1.0,0.0,0.0,
357.0,599.0,196.0,43.0,2.0,0.0,0.0,
357.0,599.0,196.0,43.0,3.0,1.0,0.94,
357.0,599.0,196.0,43.0,4.0,0.0,0.12,
357.0,599.0,196.0,43.0,5.0,0.0,0.02,
357.0,599.0,196.0,43.0,6.0,0.0,0.05,
357.0,599.0,196.0,43.0,7.0,0.0,0.0,
357.0,599.0,196.0,43.0,8.0,0.0,0.49,
357.0,599.0,196.0,43.0,9.0,1.0,0.98,
357.0,599.0,196.0,43.0,10.0,1.0,0.535,
357.0,599.0,196.0,43.0,11.0,1.0,1.0,
371.0,1054.0,207.0,37.0,0.0,1.0,0.95,
371.0,1054.0,207.0,37.0,1.0,1.0,0.835,
371.0,1054.0,207.0,37.0,2.0,0.0,0.085,
371.0,1054.0,207.0,37.0,3.0,1.0,0.955,
371.0,1054.0,207.0,37.0,4.0,1.0,0.995,
371.0,1054.0,207.0,37.0,5.0,1.0,0.995,
371.0,1054.0,207.0,37.0,6.0,0.0,0.49,
371.0,1054.0,207.0,37.0,7.0,0.0,0.425,
371.0,1054.0,207.0,37.0,8.0,1.0,1.0,
371.0,1054.0,207.0,37.0,9.0,1.0,0.94,
371.0,1054.0,207.0,37.0,10.0,0.0,0.37,
371.0,1054.0,207.0,37.0,11.0,0.0,0.235,
382.0,842.0,214.0,32.0,0.0,1.0,0.99,
382.0,842.0,214.0,32.0,1.0,1.0,0.925,
382.0,842.0,214.0,32.0,2.0,1.0,0.645,
382.0,842.0,214.0,32.0,3.0,0.0,0.48,
382.0,842.0,214.0,32.0,4.0,1.0,0.915,
382.0,842.0,214.0,32.0,5.0,1.0,0.995,
382.0,842.0,214.0,32.0,6.0,1.0,0.545,
382.0,842.0,214.0,32.0,7.0,1.0,0.925,
382.0,842.0,214.0,32.0,8.0,1.0,0.755,
382.0,842.0,214.0,32.0,9.0,1.0,0.99,
382.0,842.0,214.0,32.0,10.0,1.0,0.65,
382.0,842.0,214.0,32.0,11.0,0.0,0.44,
380.0,1563.0,216.0,43.0,1.0,0.0,0.135,
380.0,1563.0,216.0,43.0,2.0,1.0,0.635,
380.0,1563.0,216.0,43.0,3.0,0.0,0.08,
380.0,1563.0,216.0,43.0,5.0,0.0,0.41,
380.0,1563.0,216.0,43.0,6.0,1.0,1.0,
380.0,1563.0,216.0,43.0,7.0,1.0,0.97,
380.0,1563.0,216.0,43.0,8.0,0.0,0.1,
380.0,1563.0,216.0,43.0,9.0,1.0,0.955,
380.0,1563.0,216.0,43.0,10.0,1.0,0.715,
397.0,1143.0,221.0,36.0,0.0,1.0,0.865,
397.0,1143.0,221.0,36.0,1.0,1.0,0.995,
397.0,1143.0,221.0,36.0,2.0,1.0,0.87,
397.0,1143.0,221.0,36.0,3.0,1.0,0.935,
397.0,1143.0,221.0,36.0,4.0,1.0,1.0,
397.0,1143.0,221.0,36.0,5.0,1.0,0.995,
397.0,1143.0,221.0,36.0,6.0,1.0,1.0,
397.0,1143.0,221.0,36.0,7.0,1.0,0.76,
397.0,1143.0,221.0,36.0,8.0,1.0,0.965,
397.0,1143.0,221.0,36.0,9.0,1.0,0.885,
397.0,1143.0,221.0,36.0,10.0,1.0,0.81,
397.0,1143.0,221.0,36.0,11.0,1.0,0.995,
392.0,207.0,227.0,22.0,0.0,1.0,0.715,
392.0,207.0,227.0,22.0,1.0,0.0,0.03,
392.0,207.0,227.0,22.0,2.0,0.0,0.44,
392.0,207.0,227.0,22.0,3.0,1.0,0.915,
392.0,207.0,227.0,22.0,4.0,1.0,0.82,
392.0,207.0,227.0,22.0,5.0,1.0,1.0,
392.0,207.0,227.0,22.0,6.0,0.0,0.015,
392.0,207.0,227.0,22.0,7.0,0.0,0.365,
392.0,207.0,227.0,22.0,8.0,1.0,0.69,
392.0,207.0,227.0,22.0,9.0,0.0,0.48,
392.0,207.0,227.0,22.0,10.0,0.0,0.03,
392.0,207.0,227.0,22.0,11.0,0.0,0.365,
410.0,350.0,233.0,49.0,0.0,0.0,0.28,
410.0,350.0,233.0,49.0,1.0,1.0,1.0,
410.0,350.0,233.0,49.0,2.0,1.0,1.0,
410.0,350.0,233.0,49.0,3.0,0.0,0.0,
410.0,350.0,233.0,49.0,4.0,1.0,0.95,
410.0,350.0,233.0,49.0,5.0,1.0,1.0,
410.0,350.0,233.0,49.0,6.0,1.0,1.0,
410.0,350.0,233.0,49.0,7.0,1.0,0.96,
410.0,350.0,233.0,49.0,8.0,0.0,0.03,
410.0,350.0,233.0,49.0,9.0,0.0,0.025,
410.0,350.0,233.0,49.0,10.0,0.0,0.105,
410.0,350.0,233.0,49.0,11.0,0.0,0.215,
450.0,1317.0,239.0,63.0,0.0,1.0,0.965,
450.0,1317.0,239.0,63.0,1.0,1.0,0.965,
450.0,1317.0,239.0,63.0,2.0,1.0,0.99,
450.0,1317.0,239.0,63.0,3.0,1.0,0.99,
450.0,1317.0,239.0,63.0,4.0,0.0,0.025,
450.0,1317.0,239.0,63.0,5.0,1.0,0.975,
450.0,1317.0,239.0,63.0,6.0,1.0,0.965,
450.0,1317.0,239.0,63.0,7.0,1.0,0.905,
450.0,1317.0,239.0,63.0,8.0,1.0,0.975,
450.0,1317.0,239.0,63.0,9.0,1.0,1.0,
450.0,1317.0,239.0,63.0,10.0,1.0,1.0,
450.0,1317.0,239.0,63.0,11.0,1.0,0.99,
463.0,467.0,242.0,72.0,0.0,1.0,0.965,
463.0,467.0,242.0,72.0,1.0,1.0,1.0,
463.0,467.0,242.0,72.0,2.0,1.0,1.0,
463.0,467.0,242.0,72.0,3.0,1.0,0.945,
463.0,467.0,242.0,72.0,4.0,1.0,0.91,
463.0,467.0,242.0,72.0,5.0,1.0,1.0,
463.0,467.0,242.0,72.0,6.0,1.0,0.995,
463.0,467.0,242.0,72.0,7.0,1.0,1.0,
463.0,467.0,242.0,72.0,8.0,1.0,1.0,
463.0,467.0,242.0,72.0,9.0,1.0,1.0,
463.0,467.0,242.0,72.0,10.0,1.0,1.0,
463.0,467.0,242.0,72.0,11.0,1.0,1.0,
472.0,1487.0,246.0,66.0,0.0,1.0,0.84,
472.0,1487.0,246.0,66.0,1.0,1.0,0.98,
472.0,1487.0,246.0,66.0,2.0,1.0,0.86,
472.0,1487.0,246.0,66.0,3.0,0.0,0.13,
472.0,1487.0,246.0,66.0,4.0,1.0,0.99,
472.0,1487.0,246.0,66.0,5.0,1.0,1.0,
472.0,1487.0,246.0,66.0,6.0,1.0,0.9,
472.0,1487.0,246.0,66.0,7.0,1.0,0.96,
472.0,1487.0,246.0,66.0,8.0,1.0,0.535,
472.0,1487.0,246.0,66.0,9.0,1.0,1.0,
472.0,1487.0,246.0,66.0,10.0,1.0,0.99,
472.0,1487.0,246.0,66.0,11.0,1.0,0.545,
437.0,180.0,250.0,21.0,0.0,1.0,0.775,
437.0,180.0,250.0,21.0,1.0,1.0,0.825,
437.0,180.0,250.0,21.0,2.0,0.0,0.005,
437.0,180.0,250.0,21.0,3.0,0.0,0.02,
437.0,180.0,250.0,21.0,4.0,1.0,0.995,
437.0,180.0,250.0,21.0,5.0,1.0,0.675,
437.0,180.0,250.0,21.0,6.0,1.0,0.865,
437.0,180.0,250.0,21.0,7.0,1.0,0.82,
437.0,180.0,250.0,21.0,8.0,0.0,0.21,
437.0,180.0,250.0,21.0,9.0,1.0,0.6,
437.0,180.0,250.0,21.0,10.0,0.0,0.005,
437.0,180.0,250.0,21.0,11.0,0.0,0.18,
459.0,859.0,258.0,35.0,0.0,1.0,0.99,
459.0,859.0,258.0,35.0,1.0,0.0,0.365,
459.0,859.0,258.0,35.0,2.0,0.0,0.35,
459.0,859.0,258.0,35.0,3.0,1.0,0.985,
459.0,859.0,258.0,35.0,4.0,0.0,0.24,
459.0,859.0,258.0,35.0,5.0,0.0,0.485,
459.0,859.0,258.0,35.0,6.0,0.0,0.0,
459.0,859.0,258.0,35.0,7.0,0.0,0.0,
459.0,859.0,258.0,35.0,8.0,1.0,0.79,
459.0,859.0,258.0,35.0,9.0,1.0,1.0,
459.0,859.0,258.0,35.0,10.0,1.0,1.0,
459.0,859.0,258.0,35.0,11.0,1.0,1.0,
502.0,1158.0,266.0,57.0,0.0,1.0,1.0,
502.0,1158.0,266.0,57.0,1.0,0.0,0.045,
502.0,1158.0,266.0,57.0,2.0,1.0,0.97,
502.0,1158.0,266.0,57.0,3.0,0.0,0.175,
502.0,1158.0,266.0,57.0,4.0,1.0,0.565,
502.0,1158.0,266.0,57.0,5.0,1.0,0.97,
502.0,1158.0,266.0,57.0,6.0,0.0,0.15,
502.0,1158.0,266.0,57.0,7.0,1.0,0.705,
502.0,1158.0,266.0,57.0,8.0,1.0,0.91,
502.0,1158.0,266.0,57.0,9.0,1.0,0.735,
502.0,1158.0,266.0,57.0,10.0,1.0,0.99,
502.0,1158.0,266.0,57.0,11.0,1.0,0.94,
481.0,1587.0,269.0,31.0,1.0,0.0,0.005,
481.0,1587.0,269.0,31.0,2.0,0.0,0.36,
481.0,1587.0,269.0,31.0,3.0,1.0,0.685,
481.0,1587.0,269.0,31.0,6.0,0.0,0.155,
481.0,1587.0,269.0,31.0,7.0,0.0,0.21,
481.0,1587.0,269.0,31.0,8.0,1.0,0.685,
481.0,1587.0,269.0,31.0,9.0,0.0,0.375,
507.0,188.0,275.0,71.0,0.0,0.0,0.465,
507.0,188.0,275.0,71.0,1.0,0.0,0.485,
507.0,188.0,275.0,71.0,2.0,0.0,0.09,
507.0,188.0,275.0,71.0,3.0,0.0,0.085,
507.0,188.0,275.0,71.0,4.0,0.0,0.015,
507.0,188.0,275.0,71.0,5.0,0.0,0.215,
507.0,188.0,275.0,71.0,6.0,1.0,0.955,
507.0,188.0,275.0,71.0,7.0,1.0,0.925,
507.0,188.0,275.0,71.0,8.0,0.0,0.12,
507.0,188.0,275.0,71.0,9.0,0.0,0.01,
507.0,188.0,275.0,71.0,10.0,0.0,0.085,
507.0,188.0,275.0,71.0,11.0,1.0,0.835,
540.0,917.0,286.0,79.0,0.0,0.0,0.19,
540.0,917.0,286.0,79.0,1.0,0.0,0.09,
540.0,917.0,286.0,79.0,2.0,0.0,0.475,
540.0,917.0,286.0,79.0,3.0,0.0,0.05,
540.0,917.0,286.0,79.0,4.0,1.0,1.0,
540.0,917.0,286.0,79.0,5.0,1.0,0.865,
540.0,917.0,286.0,79.0,6.0,0.0,0.475,
540.0,917.0,286.0,79.0,7.0,0.0,0.445,
540.0,917.0,286.0,79.0,8.0,0.0,0.435,
540.0,917.0,286.0,79.0,9.0,0.0,0.045,
540.0,917.0,286.0,79.0,10.0,1.0,0.83,
540.0,917.0,286.0,79.0,11.0,1.0,0.78,
526.0,1044.0,290.0,26.0,0.0,0.0,0.16,
526.0,1044.0,290.0,26.0,1.0,1.0,0.725,
526.0,1044.0,290.0,26.0,2.0,1.0,0.59,
526.0,1044.0,290.0,26.0,3.0,0.0,0.165,
526.0,1044.0,290.0,26.0,4.0,0.0,0.04,
526.0,1044.0,290.0,26.0,5.0,1.0,0.735,
526.0,1044.0,290.0,26.0,6.0,0.0,0.34,
526.0,1044.0,290.0,26.0,7.0,0.0,0.15,
526.0,1044.0,290.0,26.0,8.0,1.0,0.775,
526.0,1044.0,290.0,26.0,9.0,1.0,0.975,
526.0,1044.0,290.0,26.0,10.0,1.0,0.905,
526.0,1044.0,290.0,26.0,11.0,0.0,0.31,
534.0,304.0,295.0,28.0,0.0,1.0,1.0,
534.0,304.0,295.0,28.0,1.0,1.0,0.72,
534.0,304.0,295.0,28.0,2.0,1.0,0.99,
534.0,304.0,295.0,28.0,3.0,1.0,0.915,
534.0,304.0,295.0,28.0,4.0,1.0,0.95,
534.0,304.0,295.0,28.0,5.0,1.0,0.965,
534.0,304.0,295.0,28.0,6.0,1.0,0.905,
534.0,304.0,295.0,28.0,7.0,1.0,0.98,
534.0,304.0,295.0,28.0,8.0,1.0,1.0,
534.0,304.0,295.0,28.0,9.0,1.0,0.995,
534.0,304.0,295.0,28.0,10.0,1.0,0.885,
534.0,304.0,295.0,28.0,11.0,1.0,0.985,
566.0,751.0,304.0,41.0,0.0,1.0,1.0,
566.0,751.0,304.0,41.0,1.0,1.0,0.96,
566.0,751.0,304.0,41.0,2.0,1.0,0.99,
566.0,751.0,304.0,41.0,3.0,1.0,0.98,
566.0,751.0,304.0,41.0,4.0,1.0,0.965,
566.0,751.0,304.0,41.0,5.0,1.0,0.97,
566.0,751.0,304.0,41.0,6.0,1.0,0.855,
566.0,751.0,304.0,41.0,7.0,1.0,0.98,
566.0,751.0,304.0,41.0,8.0,1.0,0.99,
566.0,751.0,304.0,41.0,9.0,1.0,0.995,
566.0,751.0,304.0,41.0,10.0,1.0,0.94,
566.0,751.0,304.0,41.0,11.0,1.0,0.965,
619.0,1406.0,306.0,98.0,0.0,1.0,1.0,
619.0,1406.0,306.0,98.0,1.0,1.0,1.0,
619.0,1406.0,306.0,98.0,2.0,1.0,0.995,
619.0,1406.0,306.0,98.0,3.0,1.0,0.99,
619.0,1406.0,306.0,98.0,4.0,1.0,1.0,
619.0,1406.0,306.0,98.0,5.0,1.0,1.0,
619.0,1406.0,306.0,98.0,6.0,1.0,1.0,
619.0,1406.0,306.0,98.0,7.0,1.0,0.96,
619.0,1406.0,306.0,98.0,8.0,1.0,0.98,
619.0,1406.0,306.0,98.0,9.0,1.0,0.99,
619.0,1406.0,306.0,98.0,10.0,1.0,0.99,
619.0,1406.0,306.0,98.0,11.0,1.0,0.955,
590.0,417.0,308.0,57.0,0.0,1.0,0.53,
590.0,417.0,308.0,57.0,1.0,0.0,0.395,
590.0,417.0,308.0,57.0,2.0,1.0,0.785,
590.0,417.0,308.0,57.0,3.0,1.0,0.84,
590.0,417.0,308.0,57.0,4.0,0.0,0.215,
590.0,417.0,308.0,57.0,5.0,1.0,0.55,
590.0,417.0,308.0,57.0,6.0,1.0,0.845,
590.0,417.0,308.0,57.0,7.0,0.0,0.4,
590.0,417.0,308.0,57.0,8.0,1.0,0.855,
590.0,417.0,308.0,57.0,9.0,1.0,0.88,
590.0,417.0,308.0,57.0,10.0,1.0,0.885,
590.0,417.0,308.0,57.0,11.0,1.0,0.83,
570.0,1163.0,312.0,33.0,0.0,1.0,0.985,
570.0,1163.0,312.0,33.0,1.0,1.0,1.0,
570.0,1163.0,312.0,33.0,2.0,1.0,1.0,
570.0,1163.0,312.0,33.0,3.0,1.0,0.995,
570.0,1163.0,312.0,33.0,4.0,1.0,0.995,
570.0,1163.0,312.0,33.0,5.0,1.0,1.0,
570.0,1163.0,312.0,33.0,6.0,1.0,1.0,
570.0,1163.0,312.0,33.0,7.0,0.0,0.045,
570.0,1163.0,312.0,33.0,8.0,1.0,1.0,
570.0,1163.0,312.0,33.0,9.0,1.0,1.0,
570.0,1163.0,312.0,33.0,10.0,1.0,0.885,
570.0,1163.0,312.0,33.0,11.0,1.0,0.99,
582.0,1560.0,314.0,48.0,1.0,0.0,0.0,
582.0,1560.0,314.0,48.0,2.0,1.0,0.535,
582.0,1560.0,314.0,48.0,3.0,0.0,0.04,
582.0,1560.0,314.0,48.0,5.0,1.0,0.97,
582.0,1560.0,314.0,48.0,6.0,1.0,0.995,
582.0,1560.0,314.0,48.0,7.0,1.0,1.0,
582.0,1560.0,314.0,48.0,8.0,0.0,0.395,
582.0,1560.0,314.0,48.0,9.0,1.0,0.92,
582.0,1560.0,314.0,48.0,10.0,1.0,0.93,
582.0,611.0,318.0,30.0,0.0,1.0,0.975,
582.0,611.0,318.0,30.0,1.0,1.0,1.0,
582.0,611.0,318.0,30.0,2.0,1.0,0.91,
582.0,611.0,318.0,30.0,3.0,1.0,0.6,
582.0,611.0,318.0,30.0,4.0,1.0,0.95,
582.0,611.0,318.0,30.0,5.0,1.0,0.96,
582.0,611.0,318.0,30.0,6.0,1.0,0.99,
582.0,611.0,318.0,30.0,7.0,1.0,0.985,
582.0,611.0,318.0,30.0,8.0,1.0,0.985,
582.0,611.0,318.0,30.0,9.0,0.0,0.42,
582.0,611.0,318.0,30.0,10.0,1.0,0.915,
582.0,611.0,318.0,30.0,11.0,1.0,0.965,
571.0,196.0,322.0,46.0,0.0,0.0,0.03,
571.0,196.0,322.0,46.0,1.0,1.0,0.885,
571.0,196.0,322.0,46.0,2.0,1.0,0.95,
571.0,196.0,322.0,46.0,3.0,0.0,0.125,
571.0,196.0,322.0,46.0,4.0,1.0,0.96,
571.0,196.0,322.0,46.0,5.0,1.0,0.99,
571.0,196.0,322.0,46.0,6.0,1.0,0.86,
571.0,196.0,322.0,46.0,7.0,1.0,0.995,
571.0,196.0,322.0,46.0,8.0,1.0,0.505,
571.0,196.0,322.0,46.0,9.0,0.0,0.06,
571.0,196.0,322.0,46.0,10.0,0.0,0.125,
571.0,196.0,322.0,46.0,11.0,0.0,0.0,
635.0,247.0,338.0,30.0,0.0,1.0,0.995,
635.0,247.0,338.0,30.0,1.0,1.0,0.995,
635.0,247.0,338.0,30.0,2.0,1.0,0.985,
635.0,247.0,338.0,30.0,3.0,1.0,0.985,
635.0,247.0,338.0,30.0,4.0,1.0,1.0,
635.0,247.0,338.0,30.0,5.0,1.0,0.995,
635.0,247.0,338.0,30.0,6.0,1.0,0.995,
635.0,247.0,338.0,30.0,7.0,1.0,0.995,
635.0,247.0,338.0,30.0,8.0,1.0,0.89,
635.0,247.0,338.0,30.0,9.0,1.0,0.7,
635.0,247.0,338.0,30.0,10.0,1.0,0.995,
635.0,247.0,338.0,30.0,11.0,1.0,0.99,
637.0,585.0,339.0,59.0,0.0,0.0,0.31,
637.0,585.0,339.0,59.0,1.0,0.0,0.035,
637.0,585.0,339.0,59.0,2.0,0.0,0.33,
637.0,585.0,339.0,59.0,3.0,0.0,0.175,
637.0,585.0,339.0,59.0,4.0,0.0,0.45,
637.0,585.0,339.0,59.0,5.0,0.0,0.04,
637.0,585.0,339.0,59.0,6.0,0.0,0.45,
637.0,585.0,339.0,59.0,7.0,0.0,0.44,
637.0,585.0,339.0,59.0,8.0,1.0,0.92,
637.0,585.0,339.0,59.0,9.0,0.0,0.19,
637.0,585.0,339.0,59.0,10.0,0.0,0.015,
637.0,585.0,339.0,59.0,11.0,1.0,0.985,
641.0,950.0,340.0,54.0,0.0,1.0,0.795,
641.0,950.0,340.0,54.0,1.0,0.0,0.175,
641.0,950.0,340.0,54.0,2.0,0.0,0.225,
641.0,950.0,340.0,54.0,3.0,1.0,0.825,
641.0,950.0,340.0,54.0,4.0,0.0,0.015,
641.0,950.0,340.0,54.0,5.0,1.0,0.525,
641.0,950.0,340.0,54.0,6.0,1.0,1.0,
641.0,950.0,340.0,54.0,7.0,0.0,0.16,
641.0,950.0,340.0,54.0,8.0,1.0,0.655,
641.0,950.0,340.0,54.0,9.0,0.0,0.21,
641.0,950.0,340.0,54.0,10.0,1.0,0.795,
641.0,950.0,340.0,54.0,11.0,0.0,0.075,
637.0,1071.0,342.0,27.0,0.0,0.0,0.385,
637.0,1071.0,342.0,27.0,1.0,0.0,0.465,
637.0,1071.0,342.0,27.0,2.0,1.0,0.545,
637.0,1071.0,342.0,27.0,3.0,0.0,0.02,
637.0,1071.0,342.0,27.0,4.0,1.0,0.99,
637.0,1071.0,342.0,27.0,5.0,1.0,0.775,
637.0,1071.0,342.0,27.0,6.0,1.0,0.96,
637.0,1071.0,342.0,27.0,7.0,1.0,0.975,
637.0,1071.0,342.0,27.0,8.0,0.0,0.29,
637.0,1071.0,342.0,27.0,9.0,0.0,0.035,
637.0,1071.0,342.0,27.0,10.0,0.0,0.01,
637.0,1071.0,342.0,27.0,11.0,0.0,0.01,
647.0,1165.0,347.0,44.0,0.0,1.0,0.98,
647.0,1165.0,347.0,44.0,1.0,1.0,1.0,
647.0,1165.0,347.0,44.0,2.0,1.0,1.0,
647.0,1165.0,347.0,44.0,3.0,1.0,1.0,
647.0,1165.0,347.0,44.0,4.0,1.0,0.91,
647.0,1165.0,347.0,44.0,5.0,0.0,0.025,
647.0,1165.0,347.0,44.0,6.0,1.0,0.975,
647.0,1165.0,347.0,44.0,7.0,1.0,0.975,
647.0,1165.0,347.0,44.0,8.0,1.0,0.975,
647.0,1165.0,347.0,44.0,9.0,1.0,0.99,
647.0,1165.0,347.0,44.0,10.0,0.0,0.36,
647.0,1165.0,347.0,44.0,11.0,1.0,0.955,
672.0,793.0,357.0,47.0,0.0,0.0,0.455,
672.0,793.0,357.0,47.0,1.0,1.0,0.99,
672.0,793.0,357.0,47.0,2.0,1.0,1.0,
672.0,793.0,357.0,47.0,3.0,1.0,0.82,
672.0,793.0,357.0,47.0,4.0,0.0,0.115,
672.0,793.0,357.0,47.0,5.0,1.0,1.0,
672.0,793.0,357.0,47.0,6.0,1.0,1.0,
672.0,793.0,357.0,47.0,7.0,1.0,1.0,
672.0,793.0,357.0,47.0,8.0,1.0,0.945,
672.0,793.0,357.0,47.0,9.0,1.0,0.945,
672.0,793.0,357.0,47.0,10.0,0.0,0.38,
672.0,793.0,357.0,47.0,11.0,0.0,0.48,
695.0,1.0,379.0,21.0,0.0,0.0,0.16,
695.0,1.0,379.0,21.0,1.0,1.0,1.0,
695.0,1.0,379.0,21.0,3.0,1.0,0.88,
695.0,1.0,379.0,21.0,4.0,0.0,0.035,
695.0,1.0,379.0,21.0,5.0,1.0,0.865,
695.0,1.0,379.0,21.0,10.0,1.0,0.87,
695.0,1.0,379.0,21.0,11.0,0.0,0.27,
781.0,643.0,395.0,91.0,0.0,0.0,0.215,
781.0,643.0,395.0,91.0,1.0,1.0,0.975,
781.0,643.0,395.0,91.0,2.0,1.0,1.0,
781.0,643.0,395.0,91.0,3.0,1.0,0.975,
781.0,643.0,395.0,91.0,4.0,0.0,0.455,
781.0,643.0,395.0,91.0,5.0,1.0,0.55,
781.0,643.0,395.0,91.0,6.0,1.0,0.995,
781.0,643.0,395.0,91.0,7.0,1.0,1.0,
781.0,643.0,395.0,91.0,8.0,1.0,1.0,
781.0,643.0,395.0,91.0,9.0,1.0,1.0,
781.0,643.0,395.0,91.0,10.0,1.0,0.995,
781.0,643.0,395.0,91.0,11.0,0.0,0.165,
741.0,1301.0,399.0,46.0,0.0,1.0,1.0,
741.0,1301.0,399.0,46.0,1.0,1.0,0.565,
741.0,1301.0,399.0,46.0,2.0,0.0,0.12,
741.0,1301.0,399.0,46.0,3.0,0.0,0.415,
741.0,1301.0,399.0,46.0,4.0,0.0,0.44,
741.0,1301.0,399.0,46.0,5.0,1.0,0.545,
741.0,1301.0,399.0,46.0,6.0,0.0,0.0,
741.0,1301.0,399.0,46.0,7.0,1.0,0.9,
741.0,1301.0,399.0,46.0,8.0,0.0,0.16,
741.0,1301.0,399.0,46.0,9.0,1.0,0.735,
741.0,1301.0,399.0,46.0,10.0,1.0,0.995,
741.0,1301.0,399.0,46.0,11.0,1.0,1.0,
719.0,382.0,402.0,21.0,0.0,1.0,0.855,
719.0,382.0,402.0,21.0,1.0,1.0,0.99,
719.0,382.0,402.0,21.0,2.0,1.0,0.995,
719.0,382.0,402.0,21.0,3.0,1.0,1.0,
719.0,382.0,402.0,21.0,4.0,1.0,0.975,
719.0,382.0,402.0,21.0,5.0,1.0,0.95,
719.0,382.0,402.0,21.0,6.0,1.0,0.99,
719.0,382.0,402.0,21.0,7.0,1.0,0.995,
719.0,382.0,402.0,21.0,8.0,1.0,0.995,
719.0,382.0,402.0,21.0,9.0,1.0,1.0,
719.0,382.0,402.0,21.0,10.0,1.0,1.0,
719.0,382.0,402.0,21.0,11.0,1.0,0.995,
749.0,914.0,403.0,60.0,0.0,1.0,0.99,
749.0,914.0,403.0,60.0,1.0,0.0,0.4,
749.0,914.0,403.0,60.0,2.0,0.0,0.22,
749.0,914.0,403.0,60.0,3.0,0.0,0.24,
749.0,914.0,403.0,60.0,4.0,1.0,0.805,
749.0,914.0,403.0,60.0,5.0,1.0,0.975,
749.0,914.0,403.0,60.0,6.0,0.0,0.08,
749.0,914.0,403.0,60.0,7.0,0.0,0.015,
749.0,914.0,403.0,60.0,8.0,1.0,0.835,
749.0,914.0,403.0,60.0,9.0,0.0,0.035,
749.0,914.0,403.0,60.0,10.0,1.0,0.975,
749.0,914.0,403.0,60.0,11.0,1.0,1.0,
736.0,1476.0,404.0,36.0,0.0,0.0,0.27,
736.0,1476.0,404.0,36.0,1.0,1.0,0.625,
736.0,1476.0,404.0,36.0,2.0,1.0,0.765,
736.0,1476.0,404.0,36.0,3.0,1.0,0.765,
736.0,1476.0,404.0,36.0,4.0,1.0,0.835,
736.0,1476.0,404.0,36.0,5.0,1.0,0.555,
736.0,1476.0,404.0,36.0,6.0,1.0,0.925,
736.0,1476.0,404.0,36.0,7.0,0.0,0.25,
736.0,1476.0,404.0,36.0,8.0,0.0,0.035,
736.0,1476.0,404.0,36.0,9.0,0.0,0.065,
736.0,1476.0,404.0,36.0,10.0,0.0,0.145,
736.0,1476.0,404.0,36.0,11.0,0.0,0.265,
747.0,1029.0,405.0,39.0,0.0,0.0,0.0,
747.0,1029.0,405.0,39.0,1.0,0.0,0.015,
747.0,1029.0,405.0,39.0,2.0,1.0,0.695,
747.0,1029.0,405.0,39.0,3.0,0.0,0.025,
747.0,1029.0,405.0,39.0,4.0,0.0,0.0,
747.0,1029.0,405.0,39.0,5.0,0.0,0.035,
747.0,1029.0,405.0,39.0,6.0,0.0,0.0,
747.0,1029.0,405.0,39.0,7.0,1.0,1.0,
747.0,1029.0,405.0,39.0,8.0,1.0,0.545,
747.0,1029.0,405.0,39.0,9.0,0.0,0.125,
747.0,1029.0,405.0,39.0,10.0,0.0,0.44,
747.0,1029.0,405.0,39.0,11.0,1.0,0.535,
758.0,759.0,406.0,57.0,0.0,1.0,0.96,
758.0,759.0,406.0,57.0,1.0,0.0,0.47,
758.0,759.0,406.0,57.0,2.0,0.0,0.04,
758.0,759.0,406.0,57.0,3.0,1.0,1.0,
758.0,759.0,406.0,57.0,4.0,1.0,0.995,
758.0,759.0,406.0,57.0,5.0,1.0,0.96,
758.0,759.0,406.0,57.0,6.0,1.0,0.735,
758.0,759.0,406.0,57.0,7.0,1.0,0.74,
758.0,759.0,406.0,57.0,8.0,1.0,0.555,
758.0,759.0,406.0,57.0,9.0,1.0,1.0,
758.0,759.0,406.0,57.0,10.0,1.0,0.82,
758.0,759.0,406.0,57.0,11.0,1.0,0.985,
742.0,1593.0,407.0,30.0,1.0,1.0,0.97,
742.0,1593.0,407.0,30.0,2.0,0.0,0.215,
742.0,1593.0,407.0,30.0,3.0,1.0,0.82,
742.0,1593.0,407.0,30.0,6.0,0.0,0.455,
742.0,1593.0,407.0,30.0,7.0,0.0,0.395,
742.0,1593.0,407.0,30.0,8.0,1.0,0.895,
742.0,1593.0,407.0,30.0,9.0,1.0,0.81,
838.0,1352.0,443.0,63.0,0.0,0.0,0.07,
838.0,1352.0,443.0,63.0,1.0,1.0,1.0,
838.0,1352.0,443.0,63.0,2.0,1.0,0.745,
838.0,1352.0,443.0,63.0,3.0,1.0,0.975,
838.0,1352.0,443.0,63.0,4.0,0.0,0.22,
838.0,1352.0,443.0,63.0,5.0,1.0,0.845,
838.0,1352.0,443.0,63.0,6.0,1.0,0.68,
838.0,1352.0,443.0,63.0,7.0,0.0,0.135,
838.0,1352.0,443.0,63.0,8.0,1.0,0.52,
838.0,1352.0,443.0,63.0,9.0,1.0,0.99,
838.0,1352.0,443.0,63.0,10.0,0.0,0.05,
838.0,1352.0,443.0,63.0,11.0,1.0,0.785,
808.0,1506.0,447.0,22.0,0.0,1.0,0.985,
808.0,1506.0,447.0,22.0,1.0,1.0,1.0,
808.0,1506.0,447.0,22.0,2.0,1.0,0.985,
808.0,1506.0,447.0,22.0,3.0,1.0,0.91,
808.0,1506.0,447.0,22.0,4.0,1.0,0.99,
808.0,1506.0,447.0,22.0,5.0,1.0,0.995,
808.0,1506.0,447.0,22.0,6.0,1.0,1.0,
808.0,1506.0,447.0,22.0,7.0,1.0,0.72,
808.0,1506.0,447.0,22.0,8.0,1.0,1.0,
808.0,1506.0,447.0,22.0,9.0,1.0,0.99,
808.0,1506.0,447.0,22.0,10.0,1.0,0.9,
808.0,1506.0,447.0,22.0,11.0,1.0,0.99,
851.0,1046.0,462.0,53.0,0.0,1.0,1.0,
851.0,1046.0,462.0,53.0,1.0,1.0,0.99,
851.0,1046.0,462.0,53.0,2.0,1.0,0.945,
851.0,1046.0,462.0,53.0,3.0,1.0,1.0,
851.0,1046.0,462.0,53.0,4.0,1.0,0.95,
851.0,1046.0,462.0,53.0,5.0,1.0,0.985,
851.0,1046.0,462.0,53.0,6.0,1.0,0.99,
851.0,1046.0,462.0,53.0,7.0,1.0,0.995,
851.0,1046.0,462.0,53.0,8.0,1.0,0.65,
851.0,1046.0,462.0,53.0,9.0,0.0,0.34,
851.0,1046.0,462.0,53.0,10.0,1.0,0.965,
851.0,1046.0,462.0,53.0,11.0,0.0,0.22,
854.0,957.0,467.0,47.0,0.0,0.0,0.215,
854.0,957.0,467.0,47.0,1.0,0.0,0.36,
854.0,957.0,467.0,47.0,2.0,1.0,0.975,
854.0,957.0,467.0,47.0,3.0,0.0,0.095,
854.0,957.0,467.0,47.0,4.0,1.0,0.98,
854.0,957.0,467.0,47.0,5.0,1.0,0.98,
854.0,957.0,467.0,47.0,6.0,1.0,0.505,
854.0,957.0,467.0,47.0,7.0,0.0,0.2,
854.0,957.0,467.0,47.0,8.0,1.0,0.7,
854.0,957.0,467.0,47.0,9.0,1.0,0.745,
854.0,957.0,467.0,47.0,10.0,0.0,0.21,
854.0,957.0,467.0,47.0,11.0,0.0,0.045,
853.0,762.0,468.0,58.0,0.0,0.0,0.07,
853.0,762.0,468.0,58.0,1.0,1.0,0.575,
853.0,762.0,468.0,58.0,2.0,1.0,0.83,
853.0,762.0,468.0,58.0,3.0,0.0,0.04,
853.0,762.0,468.0,58.0,4.0,1.0,0.915,
853.0,762.0,468.0,58.0,5.0,0.0,0.055,
853.0,762.0,468.0,58.0,6.0,1.0,0.92,
853.0,762.0,468.0,58.0,7.0,1.0,0.755,
853.0,762.0,468.0,58.0,8.0,1.0,0.835,
853.0,762.0,468.0,58.0,9.0,0.0,0.25,
853.0,762.0,468.0,58.0,10.0,1.0,0.995,
853.0,762.0,468.0,58.0,11.0,1.0,0.945,
845.0,520.0,473.0,27.0,0.0,1.0,0.87,
845.0,520.0,473.0,27.0,1.0,0.0,0.485,
845.0,520.0,473.0,27.0,2.0,1.0,0.94,
845.0,520.0,473.0,27.0,3.0,1.0,0.6,
845.0,520.0,473.0,27.0,4.0,0.0,0.445,
845.0,520.0,473.0,27.0,5.0,0.0,0.485,
845.0,520.0,473.0,27.0,6.0,0.0,0.015,
845.0,520.0,473.0,27.0,7.0,0.0,0.16,
845.0,520.0,473.0,27.0,8.0,1.0,0.72,
845.0,520.0,473.0,27.0,9.0,0.0,0.37,
845.0,520.0,473.0,27.0,10.0,1.0,0.835,
845.0,520.0,473.0,27.0,11.0,1.0,0.795,
880.0,1553.0,477.0,57.0,1.0,1.0,0.835,
880.0,1553.0,477.0,57.0,2.0,1.0,0.78,
880.0,1553.0,477.0,57.0,3.0,1.0,0.925,
880.0,1553.0,477.0,57.0,5.0,0.0,0.305,
880.0,1553.0,477.0,57.0,6.0,0.0,0.285,
880.0,1553.0,477.0,57.0,7.0,1.0,0.84,
880.0,1553.0,477.0,57.0,8.0,0.0,0.395,
880.0,1553.0,477.0,57.0,9.0,0.0,0.005,
880.0,1553.0,477.0,57.0,10.0,0.0,0.325,
868.0,295.0,478.0,42.0,0.0,1.0,0.99,
868.0,295.0,478.0,42.0,1.0,1.0,0.995,
868.0,295.0,478.0,42.0,2.0,1.0,1.0,
868.0,295.0,478.0,42.0,3.0,1.0,0.88,
868.0,295.0,478.0,42.0,4.0,1.0,0.985,
868.0,295.0,478.0,42.0,5.0,1.0,0.97,
868.0,295.0,478.0,42.0,6.0,1.0,1.0,
868.0,295.0,478.0,42.0,7.0,1.0,1.0,
868.0,295.0,478.0,42.0,8.0,1.0,0.605,
868.0,295.0,478.0,42.0,9.0,1.0,0.925,
868.0,295.0,478.0,42.0,10.0,1.0,0.86,
868.0,295.0,478.0,42.0,11.0,1.0,0.995,
906.0,681.0,501.0,29.0,0.0,1.0,0.98,
906.0,681.0,501.0,29.0,1.0,1.0,0.985,
906.0,681.0,501.0,29.0,2.0,1.0,0.985,
906.0,681.0,501.0,29.0,3.0,1.0,0.89,
906.0,681.0,501.0,29.0,4.0,1.0,0.82,
906.0,681.0,501.0,29.0,5.0,0.0,0.365,
906.0,681.0,501.0,29.0,6.0,1.0,0.995,
906.0,681.0,501.0,29.0,7.0,1.0,0.975,
906.0,681.0,501.0,29.0,8.0,1.0,0.705,
906.0,681.0,501.0,29.0,9.0,0.0,0.235,
906.0,681.0,501.0,29.0,10.0,0.0,0.24,
906.0,681.0,501.0,29.0,11.0,1.0,0.53,
932.0,613.0,505.0,43.0,0.0,1.0,0.9,
932.0,613.0,505.0,43.0,1.0,1.0,0.98,
932.0,613.0,505.0,43.0,2.0,1.0,0.895,
932.0,613.0,505.0,43.0,3.0,1.0,1.0,
932.0,613.0,505.0,43.0,4.0,1.0,0.695,
932.0,613.0,505.0,43.0,5.0,1.0,0.96,
932.0,613.0,505.0,43.0,6.0,1.0,1.0,
932.0,613.0,505.0,43.0,7.0,1.0,1.0,
932.0,613.0,505.0,43.0,8.0,1.0,0.965,
932.0,613.0,505.0,43.0,9.0,1.0,1.0,
932.0,613.0,505.0,43.0,10.0,1.0,0.9,
932.0,613.0,505.0,43.0,11.0,1.0,0.905,
932.0,54.0,508.0,39.0,0.0,1.0,0.765,
932.0,54.0,508.0,39.0,1.0,0.0,0.43,
932.0,54.0,508.0,39.0,2.0,1.0,0.99,
932.0,54.0,508.0,39.0,3.0,1.0,0.69,
932.0,54.0,508.0,39.0,4.0,0.0,0.26,
932.0,54.0,508.0,39.0,5.0,0.0,0.455,
932.0,54.0,508.0,39.0,6.0,0.0,0.5,
932.0,54.0,508.0,39.0,7.0,0.0,0.41,
932.0,54.0,508.0,39.0,8.0,1.0,0.595,
932.0,54.0,508.0,39.0,9.0,0.0,0.015,
932.0,54.0,508.0,39.0,10.0,0.0,0.48,
932.0,54.0,508.0,39.0,11.0,1.0,1.0,
938.0,123.0,509.0,42.0,0.0,1.0,1.0,
938.0,123.0,509.0,42.0,1.0,1.0,0.855,
938.0,123.0,509.0,42.0,2.0,1.0,0.99,
938.0,123.0,509.0,42.0,3.0,1.0,0.88,
938.0,123.0,509.0,42.0,4.0,1.0,0.695,
938.0,123.0,509.0,42.0,5.0,1.0,0.85,
938.0,123.0,509.0,42.0,6.0,1.0,0.705,
938.0,123.0,509.0,42.0,7.0,1.0,0.965,
938.0,123.0,509.0,42.0,8.0,1.0,0.62,
938.0,123.0,509.0,42.0,9.0,1.0,0.965,
938.0,123.0,509.0,42.0,10.0,1.0,0.985,
938.0,123.0,509.0,42.0,11.0,1.0,0.89,
958.0,1445.0,511.0,62.0,0.0,1.0,1.0,
958.0,1445.0,511.0,62.0,1.0,1.0,0.925,
958.0,1445.0,511.0,62.0,2.0,1.0,0.995,
958.0,1445.0,511.0,62.0,3.0,1.0,0.92,
958.0,1445.0,511.0,62.0,4.0,1.0,1.0,
958.0,1445.0,511.0,62.0,5.0,1.0,0.97,
958.0,1445.0,511.0,62.0,6.0,1.0,0.97,
958.0,1445.0,511.0,62.0,7.0,1.0,1.0,
958.0,1445.0,511.0,62.0,8.0,1.0,0.985,
958.0,1445.0,511.0,62.0,9.0,1.0,1.0,
958.0,1445.0,511.0,62.0,10.0,1.0,0.96,
958.0,1445.0,511.0,62.0,11.0,1.0,1.0,
967.0,247.0,522.0,51.0,0.0,0.0,0.37,
967.0,247.0,522.0,51.0,1.0,0.0,0.2,
967.0,247.0,522.0,51.0,2.0,0.0,0.45,
967.0,247.0,522.0,51.0,3.0,0.0,0.455,
967.0,247.0,522.0,51.0,4.0,1.0,0.93,
967.0,247.0,522.0,51.0,5.0,0.0,0.43,
967.0,247.0,522.0,51.0,6.0,0.0,0.19,
967.0,247.0,522.0,51.0,7.0,1.0,0.98,
967.0,247.0,522.0,51.0,8.0,0.0,0.145,
967.0,247.0,522.0,51.0,9.0,1.0,0.52,
967.0,247.0,522.0,51.0,10.0,0.0,0.29,
967.0,247.0,522.0,51.0,11.0,0.0,0.245,
952.0,1345.0,530.0,26.0,0.0,1.0,0.88,
952.0,1345.0,530.0,26.0,1.0,1.0,0.93,
952.0,1345.0,530.0,26.0,2.0,0.0,0.395,
952.0,1345.0,530.0,26.0,3.0,1.0,0.995,
952.0,1345.0,530.0,26.0,4.0,1.0,0.925,
952.0,1345.0,530.0,26.0,5.0,1.0,0.965,
952.0,1345.0,530.0,26.0,6.0,1.0,0.8,
952.0,1345.0,530.0,26.0,7.0,1.0,0.965,
952.0,1345.0,530.0,26.0,8.0,1.0,0.69,
952.0,1345.0,530.0,26.0,9.0,1.0,0.63,
952.0,1345.0,530.0,26.0,10.0,1.0,0.995,
952.0,1345.0,530.0,26.0,11.0,1.0,1.0,
963.0,833.0,531.0,33.0,0.0,1.0,0.935,
963.0,833.0,531.0,33.0,1.0,0.0,0.095,
963.0,833.0,531.0,33.0,2.0,1.0,0.92,
963.0,833.0,531.0,33.0,3.0,0.0,0.47,
963.0,833.0,531.0,33.0,4.0,1.0,0.98,
963.0,833.0,531.0,33.0,5.0,1.0,0.955,
963.0,833.0,531.0,33.0,6.0,0.0,0.25,
963.0,833.0,531.0,33.0,7.0,1.0,0.785,
963.0,833.0,531.0,33.0,8.0,1.0,0.585,
963.0,833.0,531.0,33.0,9.0,0.0,0.01,
963.0,833.0,531.0,33.0,10.0,1.0,0.62,
963.0,833.0,531.0,33.0,11.0,1.0,0.98,
954.0,788.0,538.0,25.0,0.0,1.0,0.89,
954.0,788.0,538.0,25.0,1.0,0.0,0.005,
954.0,788.0,538.0,25.0,2.0,0.0,0.03,
954.0,788.0,538.0,25.0,3.0,0.0,0.27,
954.0,788.0,538.0,25.0,4.0,1.0,0.715,
954.0,788.0,538.0,25.0,5.0,0.0,0.105,
954.0,788.0,538.0,25.0,6.0,0.0,0.005,
954.0,788.0,538.0,25.0,7.0,0.0,0.005,
954.0,788.0,538.0,25.0,8.0,1.0,0.905,
954.0,788.0,538.0,25.0,9.0,1.0,0.92,
954.0,788.0,538.0,25.0,10.0,0.0,0.36,
954.0,788.0,538.0,25.0,11.0,0.0,0.295,
973.0,703.0,544.0,25.0,0.0,0.0,0.355,
973.0,703.0,544.0,25.0,1.0,1.0,0.58,
973.0,703.0,544.0,25.0,2.0,1.0,0.99,
973.0,703.0,544.0,25.0,3.0,1.0,0.95,
973.0,703.0,544.0,25.0,4.0,1.0,0.785,
973.0,703.0,544.0,25.0,5.0,1.0,0.85,
973.0,703.0,544.0,25.0,6.0,1.0,0.525,
973.0,703.0,544.0,25.0,7.0,1.0,0.89,
973.0,703.0,544.0,25.0,8.0,1.0,0.89,
973.0,703.0,544.0,25.0,9.0,0.0,0.455,
973.0,703.0,544.0,25.0,10.0,1.0,1.0,
973.0,703.0,544.0,25.0,11.0,1.0,1.0,
980.0,505.0,547.0,23.0,0.0,1.0,0.995,
980.0,505.0,547.0,23.0,1.0,1.0,0.99,
980.0,505.0,547.0,23.0,2.0,1.0,0.865,
980.0,505.0,547.0,23.0,3.0,1.0,0.99,
980.0,505.0,547.0,23.0,4.0,1.0,0.995,
980.0,505.0,547.0,23.0,5.0,1.0,1.0,
980.0,505.0,547.0,23.0,6.0,1.0,0.99,
980.0,505.0,547.0,23.0,7.0,1.0,0.695,
980.0,505.0,547.0,23.0,8.0,1.0,0.9,
980.0,505.0,547.0,23.0,9.0,1.0,0.85,
980.0,505.0,547.0,23.0,10.0,1.0,0.99,
980.0,505.0,547.0,23.0,11.0,1.0,0.995,
983.0,1117.0,550.0,21.0,0.0,1.0,1.0,
983.0,1117.0,550.0,21.0,1.0,1.0,0.945,
983.0,1117.0,550.0,21.0,2.0,1.0,0.81,
983.0,1117.0,550.0,21.0,3.0,1.0,0.925,
983.0,1117.0,550.0,21.0,4.0,1.0,1.0,
983.0,1117.0,550.0,21.0,5.0,1.0,0.96,
983.0,1117.0,550.0,21.0,6.0,1.0,0.995,
983.0,1117.0,550.0,21.0,7.0,1.0,0.83,
983.0,1117.0,550.0,21.0,8.0,1.0,0.845,
983.0,1117.0,550.0,21.0,9.0,1.0,0.84,
983.0,1117.0,550.0,21.0,10.0,1.0,0.82,
983.0,1117.0,550.0,21.0,11.0,1.0,0.995,
1021.0,630.0,565.0,58.0,0.0,0.0,0.065,
1021.0,630.0,565.0,58.0,1.0,0.0,0.065,
1021.0,630.0,565.0,58.0,2.0,1.0,0.76,
1021.0,630.0,565.0,58.0,3.0,0.0,0.295,
1021.0,630.0,565.0,58.0,4.0,0.0,0.0,
1021.0,630.0,565.0,58.0,5.0,0.0,0.445,
1021.0,630.0,565.0,58.0,6.0,1.0,0.61,
1021.0,630.0,565.0,58.0,7.0,1.0,0.98,
1021.0,630.0,565.0,58.0,8.0,0.0,0.245,
1021.0,630.0,565.0,58.0,9.0,0.0,0.105,
1021.0,630.0,565.0,58.0,10.0,1.0,0.75,
1021.0,630.0,565.0,58.0,11.0,1.0,0.51,
1025.0,875.0,566.0,42.0,0.0,1.0,0.965,
1025.0,875.0,566.0,42.0,1.0,1.0,0.865,
1025.0,875.0,566.0,42.0,2.0,0.0,0.3,
1025.0,875.0,566.0,42.0,3.0,0.0,0.18,
1025.0,875.0,566.0,42.0,4.0,1.0,0.73,
1025.0,875.0,566.0,42.0,5.0,1.0,0.835,
1025.0,875.0,566.0,42.0,6.0,1.0,0.81,
1025.0,875.0,566.0,42.0,7.0,0.0,0.035,
1025.0,875.0,566.0,42.0,8.0,0.0,0.26,
1025.0,875.0,566.0,42.0,9.0,1.0,0.53,
1025.0,875.0,566.0,42.0,10.0,1.0,0.635,
1025.0,875.0,566.0,42.0,11.0,1.0,1.0,
1111.0,127.0,571.0,133.0,0.0,1.0,0.985,
1111.0,127.0,571.0,133.0,3.0,1.0,0.995,
1111.0,127.0,571.0,133.0,4.0,0.0,0.465,
1111.0,127.0,571.0,133.0,7.0,1.0,0.995,
1111.0,127.0,571.0,133.0,8.0,1.0,0.975,
1111.0,127.0,571.0,133.0,9.0,1.0,0.91,
1111.0,127.0,571.0,133.0,10.0,1.0,0.97,
1111.0,127.0,571.0,133.0,11.0,1.0,0.94,
1020.0,755.0,575.0,38.0,0.0,1.0,0.61,
1020.0,755.0,575.0,38.0,1.0,0.0,0.005,
1020.0,755.0,575.0,38.0,2.0,0.0,0.015,
1020.0,755.0,575.0,38.0,3.0,1.0,0.955,
1020.0,755.0,575.0,38.0,4.0,0.0,0.49,
1020.0,755.0,575.0,38.0,5.0,0.0,0.085,
1020.0,755.0,575.0,38.0,6.0,0.0,0.125,
1020.0,755.0,575.0,38.0,7.0,0.0,0.01,
1020.0,755.0,575.0,38.0,8.0,0.0,0.095,
1020.0,755.0,575.0,38.0,9.0,0.0,0.33,
1020.0,755.0,575.0,38.0,10.0,1.0,1.0,
1020.0,755.0,575.0,38.0,11.0,1.0,0.975,
1033.0,949.0,579.0,35.0,0.0,1.0,0.68,
1033.0,949.0,579.0,35.0,1.0,1.0,0.775,
1033.0,949.0,579.0,35.0,2.0,1.0,0.99,
1033.0,949.0,579.0,35.0,3.0,1.0,0.99,
1033.0,949.0,579.0,35.0,4.0,1.0,0.785,
1033.0,949.0,579.0,35.0,5.0,1.0,0.995,
1033.0,949.0,579.0,35.0,6.0,1.0,0.885,
1033.0,949.0,579.0,35.0,7.0,1.0,0.995,
1033.0,949.0,579.0,35.0,8.0,1.0,1.0,
1033.0,949.0,579.0,35.0,9.0,1.0,0.995,
1033.0,949.0,579.0,35.0,10.0,1.0,0.98,
1033.0,949.0,579.0,35.0,11.0,1.0,0.98,
1035.0,1031.0,582.0,38.0,0.0,1.0,0.985,
1035.0,1031.0,582.0,38.0,1.0,1.0,0.915,
1035.0,1031.0,582.0,38.0,2.0,1.0,1.0,
1035.0,1031.0,582.0,38.0,3.0,1.0,1.0,
1035.0,1031.0,582.0,38.0,4.0,1.0,0.995,
1035.0,1031.0,582.0,38.0,5.0,1.0,1.0,
1035.0,1031.0,582.0,38.0,6.0,1.0,0.995,
1035.0,1031.0,582.0,38.0,7.0,1.0,1.0,
1035.0,1031.0,582.0,38.0,8.0,1.0,1.0,
1035.0,1031.0,582.0,38.0,9.0,1.0,0.995,
1035.0,1031.0,582.0,38.0,10.0,1.0,1.0,
1035.0,1031.0,582.0,38.0,11.0,1.0,0.99,
1041.0,1307.0,583.0,45.0,0.0,1.0,0.735,
1041.0,1307.0,583.0,45.0,1.0,1.0,0.935,
1041.0,1307.0,583.0,45.0,2.0,1.0,0.935,
1041.0,1307.0,583.0,45.0,3.0,1.0,0.98,
1041.0,1307.0,583.0,45.0,4.0,1.0,0.855,
1041.0,1307.0,583.0,45.0,5.0,1.0,0.66,
1041.0,1307.0,583.0,45.0,6.0,0.0,0.28,
1041.0,1307.0,583.0,45.0,7.0,1.0,0.86,
1041.0,1307.0,583.0,45.0,8.0,1.0,0.885,
1041.0,1307.0,583.0,45.0,9.0,1.0,0.895,
1041.0,1307.0,583.0,45.0,10.0,1.0,0.845,
1041.0,1307.0,583.0,45.0,11.0,1.0,0.69,
1035.0,1544.0,592.0,36.0,0.0,0.0,0.345,
1035.0,1544.0,592.0,36.0,1.0,1.0,0.985,
1035.0,1544.0,592.0,36.0,2.0,0.0,0.045,
1035.0,1544.0,592.0,36.0,3.0,0.0,0.22,
1035.0,1544.0,592.0,36.0,4.0,1.0,0.96,
1035.0,1544.0,592.0,36.0,5.0,1.0,0.91,
1035.0,1544.0,592.0,36.0,6.0,0.0,0.185,
1035.0,1544.0,592.0,36.0,7.0,0.0,0.05,
1035.0,1544.0,592.0,36.0,8.0,0.0,0.06,
1035.0,1544.0,592.0,36.0,9.0,1.0,0.765,
1035.0,1544.0,592.0,36.0,10.0,1.0,0.995,
1035.0,1544.0,592.0,36.0,11.0,0.0,0.475,
1057.0,770.0,609.0,30.0,0.0,0.0,0.0,
1057.0,770.0,609.0,30.0,1.0,0.0,0.445,
1057.0,770.0,609.0,30.0,2.0,0.0,0.08,
1057.0,770.0,609.0,30.0,3.0,0.0,0.01,
1057.0,770.0,609.0,30.0,4.0,1.0,0.745,
1057.0,770.0,609.0,30.0,5.0,1.0,0.555,
1057.0,770.0,609.0,30.0,6.0,0.0,0.39,
1057.0,770.0,609.0,30.0,7.0,0.0,0.3,
1057.0,770.0,609.0,30.0,8.0,0.0,0.085,
1057.0,770.0,609.0,30.0,9.0,0.0,0.04,
1057.0,770.0,609.0,30.0,10.0,0.0,0.37,
1057.0,770.0,609.0,30.0,11.0,0.0,0.01,
1101.0,1542.0,618.0,41.0,0.0,1.0,1.0,
1101.0,1542.0,618.0,41.0,1.0,1.0,1.0,
1101.0,1542.0,618.0,41.0,2.0,1.0,0.92,
1101.0,1542.0,618.0,41.0,3.0,0.0,0.185,
1101.0,1542.0,618.0,41.0,4.0,1.0,0.985,
1101.0,1542.0,618.0,41.0,5.0,1.0,0.885,
1101.0,1542.0,618.0,41.0,6.0,1.0,1.0,
1101.0,1542.0,618.0,41.0,7.0,1.0,0.95,
1101.0,1542.0,618.0,41.0,8.0,0.0,0.245,
1101.0,1542.0,618.0,41.0,9.0,0.0,0.035,
1101.0,1542.0,618.0,41.0,10.0,1.0,0.995,
1101.0,1542.0,618.0,41.0,11.0,1.0,1.0,
1110.0,1133.0,619.0,49.0,0.0,0.0,0.16,
1110.0,1133.0,619.0,49.0,1.0,1.0,0.79,
1110.0,1133.0,619.0,49.0,2.0,1.0,0.88,
1110.0,1133.0,619.0,49.0,3.0,1.0,0.995,
1110.0,1133.0,619.0,49.0,4.0,0.0,0.12,
1110.0,1133.0,619.0,49.0,5.0,1.0,0.79,
1110.0,1133.0,619.0,49.0,6.0,1.0,1.0,
1110.0,1133.0,619.0,49.0,7.0,1.0,0.965,
1110.0,1133.0,619.0,49.0,8.0,1.0,0.99,
1110.0,1133.0,619.0,49.0,9.0,0.0,0.455,
1110.0,1133.0,619.0,49.0,10.0,1.0,0.99,
1110.0,1133.0,619.0,49.0,11.0,1.0,1.0,
1102.0,1231.0,620.0,36.0,0.0,1.0,0.98,
1102.0,1231.0,620.0,36.0,1.0,0.0,0.015,
1102.0,1231.0,620.0,36.0,2.0,0.0,0.005,
1102.0,1231.0,620.0,36.0,3.0,1.0,0.565,
1102.0,1231.0,620.0,36.0,4.0,1.0,0.985,
1102.0,1231.0,620.0,36.0,5.0,1.0,0.94,
1102.0,1231.0,620.0,36.0,6.0,1.0,0.99,
1102.0,1231.0,620.0,36.0,7.0,1.0,0.695,
1102.0,1231.0,620.0,36.0,8.0,0.0,0.0,
1102.0,1231.0,620.0,36.0,9.0,0.0,0.14,
1102.0,1231.0,620.0,36.0,10.0,0.0,0.185,
1102.0,1231.0,620.0,36.0,11.0,1.0,0.755,
1129.0,657.0,622.0,102.0,0.0,1.0,0.81,
1129.0,657.0,622.0,102.0,2.0,0.0,0.295,
1129.0,657.0,622.0,102.0,3.0,0.0,0.03,
1129.0,657.0,622.0,102.0,4.0,0.0,0.165,
1129.0,657.0,622.0,102.0,7.0,0.0,0.025,
1129.0,657.0,622.0,102.0,8.0,0.0,0.195,
1129.0,657.0,622.0,102.0,9.0,0.0,0.06,
1129.0,657.0,622.0,102.0,10.0,1.0,0.55,
1129.0,657.0,622.0,102.0,11.0,1.0,0.895,
1088.0,1432.0,623.0,32.0,0.0,0.0,0.345,
1088.0,1432.0,623.0,32.0,1.0,1.0,1.0,
1088.0,1432.0,623.0,32.0,2.0,0.0,0.305,
1088.0,1432.0,623.0,32.0,3.0,0.0,0.03,
1088.0,1432.0,623.0,32.0,4.0,1.0,1.0,
1088.0,1432.0,623.0,32.0,5.0,1.0,1.0,
1088.0,1432.0,623.0,32.0,6.0,1.0,1.0,
1088.0,1432.0,623.0,32.0,7.0,1.0,0.995,
1088.0,1432.0,623.0,32.0,8.0,1.0,0.985,
1088.0,1432.0,623.0,32.0,9.0,1.0,0.56,
1088.0,1432.0,623.0,32.0,10.0,0.0,0.05,
1088.0,1432.0,623.0,32.0,11.0,1.0,0.92,
1093.0,920.0,625.0,26.0,0.0,1.0,1.0,
1093.0,920.0,625.0,26.0,1.0,1.0,0.98,
1093.0,920.0,625.0,26.0,2.0,0.0,0.495,
1093.0,920.0,625.0,26.0,3.0,1.0,0.855,
1093.0,920.0,625.0,26.0,4.0,1.0,1.0,
1093.0,920.0,625.0,26.0,5.0,1.0,0.98,
1093.0,920.0,625.0,26.0,6.0,1.0,1.0,
1093.0,920.0,625.0,26.0,7.0,1.0,0.795,
1093.0,920.0,625.0,26.0,8.0,1.0,0.955,
1093.0,920.0,625.0,26.0,9.0,1.0,0.965,
1093.0,920.0,625.0,26.0,10.0,0.0,0.465,
1093.0,920.0,625.0,26.0,11.0,1.0,0.985,
1147.0,853.0,630.0,89.0,0.0,1.0,0.995,
1147.0,853.0,630.0,89.0,2.0,1.0,0.95,
1147.0,853.0,630.0,89.0,3.0,0.0,0.275,
1147.0,853.0,630.0,89.0,8.0,1.0,0.955,
1147.0,853.0,630.0,89.0,9.0,1.0,0.99,
1147.0,853.0,630.0,89.0,10.0,0.0,0.15,
1147.0,853.0,630.0,89.0,11.0,0.0,0.055,
1176.0,1348.0,635.0,90.0,0.0,1.0,0.8,
1176.0,1348.0,635.0,90.0,2.0,1.0,0.915,
1176.0,1348.0,635.0,90.0,3.0,1.0,0.99,
1176.0,1348.0,635.0,90.0,8.0,1.0,0.92,
1176.0,1348.0,635.0,90.0,9.0,1.0,0.995,
1176.0,1348.0,635.0,90.0,10.0,1.0,0.965,
1176.0,1348.0,635.0,90.0,11.0,1.0,0.955,
1163.0,209.0,658.0,54.0,0.0,1.0,0.92,
1163.0,209.0,658.0,54.0,2.0,0.0,0.045,
1163.0,209.0,658.0,54.0,3.0,1.0,0.59,
1163.0,209.0,658.0,54.0,4.0,0.0,0.32,
1163.0,209.0,658.0,54.0,7.0,0.0,0.02,
1163.0,209.0,658.0,54.0,8.0,0.0,0.23,
1163.0,209.0,658.0,54.0,9.0,0.0,0.48,
1163.0,209.0,658.0,54.0,10.0,0.0,0.39,
1163.0,209.0,658.0,54.0,11.0,0.0,0.335,
1175.0,1512.0,671.0,24.0,0.0,0.0,0.145,
1175.0,1512.0,671.0,24.0,2.0,1.0,0.86,
1175.0,1512.0,671.0,24.0,3.0,0.0,0.055,
1175.0,1512.0,671.0,24.0,4.0,0.0,0.22,
1175.0,1512.0,671.0,24.0,7.0,0.0,0.435,
1175.0,1512.0,671.0,24.0,8.0,1.0,0.95,
1175.0,1512.0,671.0,24.0,9.0,1.0,0.705,
1175.0,1512.0,671.0,24.0,10.0,0.0,0.15,
1175.0,1512.0,671.0,24.0,11.0,0.0,0.175,
1173.0,492.0,672.0,22.0,0.0,1.0,0.98,
1173.0,492.0,672.0,22.0,2.0,1.0,0.775,
1173.0,492.0,672.0,22.0,3.0,1.0,0.99,
1173.0,492.0,672.0,22.0,4.0,1.0,1.0,
1173.0,492.0,672.0,22.0,7.0,1.0,0.935,
1173.0,492.0,672.0,22.0,8.0,1.0,0.875,
1173.0,492.0,672.0,22.0,9.0,1.0,0.98,
1173.0,492.0,672.0,22.0,10.0,1.0,0.97,
1173.0,492.0,672.0,22.0,11.0,1.0,0.91,
1185.0,840.0,678.0,24.0,0.0,1.0,0.995,
1185.0,840.0,678.0,24.0,2.0,1.0,0.935,
1185.0,840.0,678.0,24.0,3.0,0.0,0.095,
1185.0,840.0,678.0,24.0,8.0,1.0,0.71,
1185.0,840.0,678.0,24.0,9.0,0.0,0.315,
1185.0,840.0,678.0,24.0,10.0,1.0,0.515,
1185.0,840.0,678.0,24.0,11.0,1.0,0.97,
